1 0.000000 
2 0.000000 
3 0.333333 
4 0.250000 
5 0.200000 
6 0.166667 
7 0.142857 
8 0.125000 
9 0.222222 
10 0.200000 
11 0.181818 
12 0.166667 
13 0.153846 
14 0.142857 
15 0.133333 
16 0.125000 
17 0.117647 
18 0.111111 
19 0.105263 
20 0.100000 
21 0.095238 
22 0.090909 
23 0.130435 
24 0.166667 
25 0.160000 
26 0.153846 
27 0.148148 
28 0.142857 
29 0.137931 
30 0.133333 
31 0.129032 
32 0.125000 
33 0.121212 
34 0.117647 
35 0.114286 
36 0.138889 
37 0.135135 
38 0.131579 
39 0.128205 
40 0.125000 
41 0.146341 
42 0.166667 
43 0.186047 
44 0.181818 
45 0.177778 
46 0.173913 
47 0.170213 
48 0.166667 
49 0.163265 
50 0.160000 
51 0.156863 
52 0.153846 
53 0.150943 
54 0.148148 
55 0.145455 
56 0.160714 
57 0.157895 
58 0.155172 
59 0.152542 
60 0.150000 
61 0.163934 
62 0.177419 
63 0.174603 
64 0.187500 
65 0.184615 
66 0.181818 
67 0.179104 
68 0.191176 
69 0.188406 
70 0.185714 
71 0.183099 
72 0.194444 
73 0.191781 
74 0.202703 
75 0.200000 
76 0.210526 
77 0.207792 
78 0.205128 
79 0.215190 
80 0.212500 
81 0.209877 
82 0.207317 
83 0.204819 
84 0.202381 
85 0.200000 
86 0.197674 
87 0.206897 
88 0.204545 
89 0.202247 
90 0.200000 
91 0.197802 
92 0.195652 
93 0.193548 
94 0.191489 
95 0.189474 
96 0.187500 
97 0.185567 
98 0.183673 
99 0.181818 
100 0.180000 
101 0.188119 
102 0.186275 
103 0.184466 
104 0.182692 
105 0.180952 
106 0.188679 
107 0.186916 
108 0.185185 
109 0.192661 
110 0.190909 
111 0.189189 
112 0.187500 
113 0.185841 
114 0.184211 
115 0.182609 
116 0.181034 
117 0.188034 
118 0.186441 
119 0.184874 
120 0.183333 
121 0.181818 
122 0.188525 
123 0.195122 
124 0.193548 
125 0.200000 
126 0.198413 
127 0.204724 
128 0.203125 
129 0.209302 
130 0.207692 
131 0.213740 
132 0.212121 
133 0.210526 
134 0.216418 
135 0.214815 
136 0.213235 
137 0.211679 
138 0.210145 
139 0.208633 
140 0.207143 
141 0.205674 
142 0.211268 
143 0.209790 
144 0.208333 
145 0.213793 
146 0.212329 
147 0.210884 
148 0.209459 
149 0.208054 
150 0.206667 
151 0.205298 
152 0.210526 
153 0.209150 
154 0.207792 
155 0.206452 
156 0.205128 
157 0.203822 
158 0.208861 
159 0.207547 
160 0.206250 
161 0.204969 
162 0.203704 
163 0.202454 
164 0.201220 
165 0.200000 
166 0.198795 
167 0.197605 
168 0.196429 
169 0.195266 
170 0.194118 
171 0.192982 
172 0.191860 
173 0.190751 
174 0.189655 
175 0.194286 
176 0.198864 
177 0.197740 
178 0.196629 
179 0.201117 
180 0.200000 
181 0.198895 
182 0.197802 
183 0.196721 
184 0.195652 
185 0.194595 
186 0.193548 
187 0.192513 
188 0.191489 
189 0.190476 
190 0.189474 
191 0.188482 
192 0.187500 
193 0.191710 
194 0.190722 
195 0.189744 
196 0.188776 
197 0.192893 
198 0.196970 
199 0.195980 
200 0.200000 
201 0.199005 
202 0.198020 
203 0.197044 
204 0.196078 
205 0.195122 
206 0.194175 
207 0.193237 
208 0.192308 
209 0.191388 
210 0.190476 
211 0.189573 
212 0.188679 
213 0.192488 
214 0.196262 
215 0.195349 
216 0.194444 
217 0.193548 
218 0.197248 
219 0.196347 
220 0.195455 
221 0.194570 
222 0.193694 
223 0.192825 
224 0.191964 
225 0.191111 
226 0.190265 
227 0.189427 
228 0.188596 
229 0.187773 
230 0.186957 
231 0.190476 
232 0.189655 
233 0.188841 
234 0.188034 
235 0.187234 
236 0.190678 
237 0.194093 
238 0.193277 
239 0.192469 
240 0.191667 
241 0.190871 
242 0.190083 
243 0.189300 
244 0.192623 
245 0.191837 
246 0.191057 
247 0.190283 
248 0.189516 
249 0.188755 
250 0.188000 
251 0.191235 
252 0.190476 
253 0.189723 
254 0.188976 
255 0.188235 
256 0.187500 
257 0.186770 
258 0.186047 
259 0.185328 
260 0.184615 
261 0.183908 
262 0.183206 
263 0.182510 
264 0.181818 
265 0.181132 
266 0.180451 
267 0.179775 
268 0.182836 
269 0.182156 
270 0.181481 
271 0.180812 
272 0.180147 
273 0.179487 
274 0.178832 
275 0.181818 
276 0.181159 
277 0.180505 
278 0.179856 
279 0.182796 
280 0.182143 
281 0.185053 
282 0.184397 
283 0.183746 
284 0.183099 
285 0.182456 
286 0.185315 
287 0.184669 
288 0.184028 
289 0.183391 
290 0.182759 
291 0.185567 
292 0.188356 
293 0.187713 
294 0.187075 
295 0.186441 
296 0.185811 
297 0.185185 
298 0.184564 
299 0.183946 
300 0.183333 
301 0.182724 
302 0.182119 
303 0.181518 
304 0.180921 
305 0.180328 
306 0.179739 
307 0.182410 
308 0.181818 
309 0.181230 
310 0.180645 
311 0.180064 
312 0.179487 
313 0.178914 
314 0.178344 
315 0.180952 
316 0.183544 
317 0.182965 
318 0.182390 
319 0.181818 
320 0.181250 
321 0.180685 
322 0.183230 
323 0.182663 
324 0.182099 
325 0.181538 
326 0.180982 
327 0.180428 
328 0.179878 
329 0.182371 
330 0.181818 
331 0.181269 
332 0.180723 
333 0.180180 
334 0.179641 
335 0.179104 
336 0.178571 
337 0.178042 
338 0.177515 
339 0.176991 
340 0.176471 
341 0.175953 
342 0.175439 
343 0.174927 
344 0.174419 
345 0.173913 
346 0.173410 
347 0.172911 
348 0.172414 
349 0.171920 
350 0.171429 
351 0.170940 
352 0.170455 
353 0.169972 
354 0.172316 
355 0.171831 
356 0.171348 
357 0.170868 
358 0.170391 
359 0.169916 
360 0.169444 
361 0.168975 
362 0.168508 
363 0.168044 
364 0.167582 
365 0.167123 
366 0.169399 
367 0.171662 
368 0.171196 
369 0.170732 
370 0.170270 
371 0.169811 
372 0.169355 
373 0.168901 
374 0.168449 
375 0.170667 
376 0.170213 
377 0.169761 
378 0.169312 
379 0.168865 
380 0.168421 
381 0.167979 
382 0.167539 
383 0.167102 
384 0.166667 
385 0.166234 
386 0.165803 
387 0.165375 
388 0.164948 
389 0.164524 
390 0.164103 
391 0.163683 
392 0.165816 
393 0.165394 
394 0.164975 
395 0.164557 
396 0.164141 
397 0.163728 
398 0.163317 
399 0.162907 
400 0.162500 
401 0.162095 
402 0.161692 
403 0.161290 
404 0.160891 
405 0.160494 
406 0.160099 
407 0.159705 
408 0.159314 
409 0.158924 
410 0.158537 
411 0.160584 
412 0.160194 
413 0.159806 
414 0.159420 
415 0.159036 
416 0.158654 
417 0.158273 
418 0.157895 
419 0.157518 
420 0.159524 
421 0.159145 
422 0.158768 
423 0.158392 
424 0.158019 
425 0.157647 
426 0.157277 
427 0.156909 
428 0.156542 
429 0.158508 
430 0.158140 
431 0.157773 
432 0.157407 
433 0.157044 
434 0.158986 
435 0.158621 
436 0.158257 
437 0.157895 
438 0.157534 
439 0.159453 
440 0.161364 
441 0.160998 
442 0.160633 
443 0.160271 
444 0.162162 
445 0.161798 
446 0.161435 
447 0.161074 
448 0.160714 
449 0.160356 
450 0.160000 
451 0.159645 
452 0.159292 
453 0.158940 
454 0.160793 
455 0.160440 
456 0.160088 
457 0.159737 
458 0.159389 
459 0.159041 
460 0.160870 
461 0.160521 
462 0.160173 
463 0.159827 
464 0.159483 
465 0.159140 
466 0.158798 
467 0.158458 
468 0.158120 
469 0.157783 
470 0.157447 
471 0.159236 
472 0.161017 
473 0.160677 
474 0.160338 
475 0.160000 
476 0.159664 
477 0.159329 
478 0.158996 
479 0.158664 
480 0.158333 
481 0.160083 
482 0.159751 
483 0.159420 
484 0.159091 
485 0.158763 
486 0.160494 
487 0.160164 
488 0.159836 
489 0.159509 
490 0.159184 
491 0.158859 
492 0.158537 
493 0.160243 
494 0.159919 
495 0.159596 
496 0.159274 
497 0.160966 
498 0.162651 
499 0.162325 
500 0.162000 
501 0.161677 
502 0.161355 
503 0.161034 
504 0.162698 
505 0.164356 
506 0.164032 
507 0.165680 
508 0.167323 
509 0.166994 
510 0.168627 
511 0.168297 
512 0.169922 
513 0.169591 
514 0.169261 
515 0.168932 
516 0.168605 
517 0.168279 
518 0.167954 
519 0.167630 
520 0.167308 
521 0.168906 
522 0.168582 
523 0.168260 
524 0.167939 
525 0.167619 
526 0.167300 
527 0.166983 
528 0.166667 
529 0.166352 
530 0.166038 
531 0.165725 
532 0.165414 
533 0.165103 
534 0.164794 
535 0.164486 
536 0.164179 
537 0.165736 
538 0.165428 
539 0.165121 
540 0.164815 
541 0.164510 
542 0.164207 
543 0.163904 
544 0.163603 
545 0.163303 
546 0.163004 
547 0.162706 
548 0.162409 
549 0.162113 
550 0.163636 
551 0.163339 
552 0.163043 
553 0.164557 
554 0.164260 
555 0.163964 
556 0.163669 
557 0.163375 
558 0.164875 
559 0.166369 
560 0.166071 
561 0.165775 
562 0.165480 
563 0.165186 
564 0.164894 
565 0.164602 
566 0.166078 
567 0.165785 
568 0.165493 
569 0.165202 
570 0.164912 
571 0.166375 
572 0.166084 
573 0.165794 
574 0.165505 
575 0.165217 
576 0.166667 
577 0.166378 
578 0.166090 
579 0.165803 
580 0.165517 
581 0.166954 
582 0.166667 
583 0.166381 
584 0.166096 
585 0.167521 
586 0.167235 
587 0.168654 
588 0.170068 
589 0.169779 
590 0.169492 
591 0.169205 
592 0.168919 
593 0.168634 
594 0.168350 
595 0.168067 
596 0.167785 
597 0.167504 
598 0.167224 
599 0.168614 
600 0.168333 
601 0.168053 
602 0.167774 
603 0.167496 
604 0.167219 
605 0.166942 
606 0.166667 
607 0.166392 
608 0.166118 
609 0.165846 
610 0.165574 
611 0.166939 
612 0.166667 
613 0.166395 
614 0.166124 
615 0.165854 
616 0.165584 
617 0.165316 
618 0.166667 
619 0.166397 
620 0.166129 
621 0.165862 
622 0.165595 
623 0.165329 
624 0.165064 
625 0.166400 
626 0.166134 
627 0.165869 
628 0.165605 
629 0.165342 
630 0.165079 
631 0.164818 
632 0.164557 
633 0.164297 
634 0.164038 
635 0.163780 
636 0.163522 
637 0.164835 
638 0.166144 
639 0.165884 
640 0.165625 
641 0.165367 
642 0.165109 
643 0.164852 
644 0.166149 
645 0.165891 
646 0.165635 
647 0.165379 
648 0.166667 
649 0.167951 
650 0.167692 
651 0.167435 
652 0.167178 
653 0.166922 
654 0.168196 
655 0.167939 
656 0.167683 
657 0.168950 
658 0.168693 
659 0.169954 
660 0.171212 
661 0.170953 
662 0.170695 
663 0.170437 
664 0.170181 
665 0.169925 
666 0.169670 
667 0.170915 
668 0.172156 
669 0.171898 
670 0.173134 
671 0.172876 
672 0.172619 
673 0.172363 
674 0.173591 
675 0.173333 
676 0.173077 
677 0.172821 
678 0.172566 
679 0.173785 
680 0.173529 
681 0.174743 
682 0.174487 
683 0.174231 
684 0.173977 
685 0.173723 
686 0.173469 
687 0.174672 
688 0.174419 
689 0.174165 
690 0.173913 
691 0.173661 
692 0.174855 
693 0.174603 
694 0.174352 
695 0.174101 
696 0.175287 
697 0.175036 
698 0.174785 
699 0.174535 
700 0.174286 
701 0.174037 
702 0.175214 
703 0.174964 
704 0.174716 
705 0.174468 
706 0.174221 
707 0.173975 
708 0.173729 
709 0.173484 
710 0.174648 
711 0.174402 
712 0.174157 
713 0.173913 
714 0.173669 
715 0.174825 
716 0.174581 
717 0.174338 
718 0.174095 
719 0.173853 
720 0.173611 
721 0.173370 
722 0.173130 
723 0.172891 
724 0.172652 
725 0.172414 
726 0.172176 
727 0.171939 
728 0.173077 
729 0.174211 
730 0.175342 
731 0.175103 
732 0.176230 
733 0.175989 
734 0.175749 
735 0.175510 
736 0.175272 
737 0.175034 
738 0.174797 
739 0.175913 
740 0.175676 
741 0.176788 
742 0.176550 
743 0.176312 
744 0.176075 
745 0.175839 
746 0.175603 
747 0.175368 
748 0.176471 
749 0.176235 
750 0.177333 
751 0.177097 
752 0.176862 
753 0.176627 
754 0.176393 
755 0.176159 
756 0.175926 
757 0.177015 
758 0.176781 
759 0.176548 
760 0.176316 
761 0.176084 
762 0.177165 
763 0.176933 
764 0.176702 
765 0.176471 
766 0.176240 
767 0.176010 
768 0.175781 
769 0.176853 
770 0.176623 
771 0.176394 
772 0.176166 
773 0.175938 
774 0.175711 
775 0.175484 
776 0.175258 
777 0.175032 
778 0.174807 
779 0.174583 
780 0.174359 
781 0.175416 
782 0.175192 
783 0.174968 
784 0.176020 
785 0.175796 
786 0.175573 
787 0.175349 
788 0.176396 
789 0.176172 
790 0.175949 
791 0.175727 
792 0.175505 
793 0.175284 
794 0.175063 
795 0.174843 
796 0.175879 
797 0.175659 
798 0.175439 
799 0.175219 
800 0.175000 
801 0.174782 
802 0.174564 
803 0.174346 
804 0.175373 
805 0.176398 
806 0.176179 
807 0.177199 
808 0.178218 
809 0.177998 
810 0.177778 
811 0.178792 
812 0.178571 
813 0.178352 
814 0.178133 
815 0.177914 
816 0.177696 
817 0.177479 
818 0.178484 
819 0.178266 
820 0.178049 
821 0.177832 
822 0.177616 
823 0.177400 
824 0.177184 
825 0.176970 
826 0.176755 
827 0.177751 
828 0.177536 
829 0.177322 
830 0.177108 
831 0.176895 
832 0.176683 
833 0.177671 
834 0.177458 
835 0.177246 
836 0.177033 
837 0.176822 
838 0.176611 
839 0.176400 
840 0.177381 
841 0.177170 
842 0.176960 
843 0.176750 
844 0.177725 
845 0.177515 
846 0.177305 
847 0.177096 
848 0.176887 
849 0.176678 
850 0.176471 
851 0.176263 
852 0.176056 
853 0.175850 
854 0.175644 
855 0.175439 
856 0.175234 
857 0.175029 
858 0.175991 
859 0.175786 
860 0.175581 
861 0.175377 
862 0.175174 
863 0.174971 
864 0.175926 
865 0.176879 
866 0.177829 
867 0.177624 
868 0.177419 
869 0.177215 
870 0.178161 
871 0.177956 
872 0.177752 
873 0.177549 
874 0.177346 
875 0.178286 
876 0.178082 
877 0.177879 
878 0.178815 
879 0.178612 
880 0.178409 
881 0.178207 
882 0.179138 
883 0.180068 
884 0.179864 
885 0.179661 
886 0.180587 
887 0.180383 
888 0.180180 
889 0.179978 
890 0.179775 
891 0.180696 
892 0.180493 
893 0.180291 
894 0.180089 
895 0.181006 
896 0.180804 
897 0.180602 
898 0.180401 
899 0.180200 
900 0.181111 
901 0.180910 
902 0.180710 
903 0.181617 
904 0.181416 
905 0.181215 
906 0.181015 
907 0.180816 
908 0.181718 
909 0.181518 
910 0.181319 
911 0.181120 
912 0.180921 
913 0.180723 
914 0.181619 
915 0.181421 
916 0.181223 
917 0.181025 
918 0.180828 
919 0.180631 
920 0.181522 
921 0.181325 
922 0.181128 
923 0.180932 
924 0.180736 
925 0.180541 
926 0.180346 
927 0.180151 
928 0.179957 
929 0.179763 
930 0.179570 
931 0.179377 
932 0.180258 
933 0.180064 
934 0.179872 
935 0.179679 
936 0.179487 
937 0.179296 
938 0.179104 
939 0.179979 
940 0.179787 
941 0.179596 
942 0.179406 
943 0.180276 
944 0.180085 
945 0.180952 
946 0.181818 
947 0.182682 
948 0.182489 
949 0.182297 
950 0.182105 
951 0.182965 
952 0.183824 
953 0.183631 
954 0.183438 
955 0.184293 
956 0.184100 
957 0.183908 
958 0.183716 
959 0.183525 
960 0.184375 
961 0.184183 
962 0.183992 
963 0.183801 
964 0.183610 
965 0.183420 
966 0.183230 
967 0.184074 
968 0.183884 
969 0.184727 
970 0.184536 
971 0.184346 
972 0.184156 
973 0.183967 
974 0.183778 
975 0.183590 
976 0.183402 
977 0.183214 
978 0.184049 
979 0.183861 
980 0.183673 
981 0.183486 
982 0.183299 
983 0.183113 
984 0.182927 
985 0.182741 
986 0.182556 
987 0.182371 
988 0.183198 
989 0.183013 
990 0.182828 
991 0.182644 
992 0.182460 
993 0.182276 
994 0.182093 
995 0.181910 
996 0.181727 
997 0.181545 
998 0.181363 
999 0.181181 
