0 1 
1 1 
2 2 
3 3 
4 4 
5 5 
6 5 
7 5 
8 6 
9 7 
10 7 
11 8 
12 8 
13 9 
14 10 
15 10 
16 10 
17 10 
18 10 
19 10 
20 11 
21 11 
22 12 
23 13 
24 13 
25 13 
26 13 
27 14 
28 15 
29 16 
30 17 
31 17 
32 17 
33 17 
34 18 
35 19 
36 20 
37 20 
38 21 
39 21 
40 22 
41 23 
42 24 
43 25 
44 25 
45 26 
46 26 
47 26 
48 27 
49 27 
50 28 
51 28 
52 29 
53 29 
54 29 
55 30 
56 30 
57 30 
58 30 
59 31 
60 32 
61 33 
62 33 
63 34 
64 34 
65 35 
66 35 
67 36 
68 37 
69 38 
70 38 
71 39 
72 39 
73 40 
74 40 
75 41 
76 41 
77 41 
78 42 
79 42 
80 43 
81 43 
82 43 
83 43 
84 43 
85 43 
86 44 
87 45 
88 45 
89 46 
90 46 
91 46 
92 46 
93 46 
94 47 
95 47 
96 47 
97 47 
98 47 
99 48 
100 49 
101 49 
102 49 
103 49 
104 50 
105 51 
106 52 
107 52 
108 53 
109 53 
110 53 
111 53 
112 54 
113 54 
114 54 
115 55 
116 56 
117 57 
118 57 
119 58 
120 58 
121 59 
122 60 
123 61 
124 62 
125 63 
126 64 
127 65 
128 66 
129 67 
130 68 
131 68 
132 69 
133 70 
134 70 
135 71 
136 71 
137 72 
138 73 
139 73 
140 73 
141 74 
142 74 
143 75 
144 76 
145 77 
146 77 
147 77 
148 77 
149 78 
150 78 
151 79 
152 79 
153 80 
154 80 
155 81 
156 81 
157 82 
158 83 
159 84 
160 85 
161 85 
162 85 
163 85 
164 86 
165 86 
166 87 
167 87 
168 87 
169 87 
170 87 
171 87 
172 88 
173 88 
174 89 
175 90 
176 91 
177 92 
178 93 
179 93 
180 93 
181 94 
182 95 
183 95 
184 96 
185 97 
186 97 
187 98 
188 98 
189 99 
190 100 
191 101 
192 102 
193 103 
194 103 
195 103 
196 104 
197 105 
198 105 
199 106 
200 106 
201 106 
202 107 
203 108 
204 109 
205 109 
206 109 
207 109 
208 109 
209 109 
210 109 
211 109 
212 110 
213 111 
214 112 
215 112 
216 112 
217 113 
218 113 
219 114 
220 114 
221 115 
222 115 
223 116 
224 116 
225 116 
226 117 
227 118 
228 118 
229 118 
230 119 
231 119 
232 119 
233 119 
234 120 
235 121 
236 122 
237 122 
238 122 
239 123 
240 123 
241 123 
242 124 
243 125 
244 125 
245 125 
246 125 
247 125 
248 126 
249 126 
250 127 
251 128 
252 129 
253 129 
254 129 
255 130 
256 130 
257 130 
258 130 
259 130 
260 130 
261 131 
262 131 
263 131 
264 131 
265 131 
266 131 
267 132 
268 132 
269 132 
270 132 
271 132 
272 132 
273 133 
274 134 
275 134 
276 134 
277 135 
278 136 
279 137 
280 138 
281 138 
282 139 
283 139 
284 139 
285 140 
286 141 
287 142 
288 143 
289 143 
290 144 
291 145 
292 146 
293 146 
294 146 
295 147 
296 147 
297 147 
298 147 
299 147 
300 147 
301 147 
302 147 
303 147 
304 147 
305 148 
306 149 
307 149 
308 150 
309 150 
310 151 
311 151 
312 151 
313 151 
314 152 
315 153 
316 153 
317 153 
318 153 
319 154 
320 154 
321 155 
322 156 
323 156 
324 157 
325 158 
326 159 
327 160 
328 161 
329 161 
330 162 
331 163 
332 163 
333 164 
334 165 
335 165 
336 166 
337 166 
338 166 
339 166 
340 166 
341 166 
342 166 
343 167 
344 167 
345 168 
346 168 
347 168 
348 168 
349 168 
350 168 
351 168 
352 169 
353 170 
354 170 
355 171 
356 171 
357 171 
358 171 
359 172 
360 172 
361 172 
362 172 
363 172 
364 173 
365 174 
366 175 
367 175 
368 175 
369 176 
370 176 
371 176 
372 177 
373 178 
374 179 
375 179 
376 179 
377 180 
378 180 
379 180 
380 181 
381 181 
382 182 
383 183 
384 184 
385 185 
386 185 
387 186 
388 187 
389 187 
390 187 
391 188 
392 188 
393 188 
394 188 
395 188 
396 188 
397 189 
398 189 
399 189 
400 189 
401 190 
402 190 
403 190 
404 190 
405 190 
406 190 
407 190 
408 191 
409 191 
410 192 
411 193 
412 194 
413 194 
414 194 
415 194 
416 195 
417 195 
418 195 
419 196 
420 196 
421 196 
422 196 
423 197 
424 198 
425 198 
426 199 
427 200 
428 201 
429 202 
430 203 
431 203 
432 203 
433 204 
434 204 
435 204 
436 205 
437 205 
438 206 
439 207 
440 207 
441 207 
442 207 
443 208 
444 208 
445 208 
446 208 
447 209 
448 209 
449 209 
450 209 
451 209 
452 209 
453 210 
454 211 
455 212 
456 213 
457 213 
458 213 
459 214 
460 214 
461 215 
462 216 
463 216 
464 217 
465 218 
466 219 
467 219 
468 220 
469 220 
470 221 
471 222 
472 222 
473 223 
474 224 
475 224 
476 225 
477 226 
478 227 
479 228 
480 229 
481 229 
482 229 
483 230 
484 231 
485 232 
486 233 
487 233 
488 233 
489 234 
490 235 
491 235 
492 236 
493 236 
494 236 
495 236 
496 237 
497 238 
498 238 
499 238 
500 239 
501 239 
502 239 
503 240 
504 241 
505 242 
506 243 
507 244 
508 244 
509 245 
510 245 
511 246 
512 247 
513 247 
514 247 
515 247 
516 247 
517 248 
518 248 
519 248 
520 249 
521 249 
522 249 
523 249 
524 249 
525 249 
526 249 
527 249 
528 249 
529 249 
530 249 
531 250 
532 250 
533 250 
534 251 
535 251 
536 252 
537 252 
538 253 
539 254 
540 255 
541 256 
542 256 
543 256 
544 256 
545 257 
546 257 
547 257 
548 257 
549 258 
550 258 
551 259 
552 260 
553 260 
554 261 
555 262 
556 262 
557 263 
558 264 
559 264 
560 264 
561 264 
562 264 
563 264 
564 264 
565 265 
566 265 
567 265 
568 266 
569 267 
570 268 
571 269 
572 270 
573 270 
574 271 
575 272 
576 273 
577 273 
578 274 
579 275 
580 276 
581 277 
582 278 
583 278 
584 279 
585 279 
586 280 
587 281 
588 281 
589 282 
590 282 
591 282 
592 283 
593 283 
594 283 
595 284 
596 285 
597 286 
598 287 
599 287 
600 287 
601 288 
602 289 
603 290 
604 291 
605 292 
606 292 
607 292 
608 293 
609 294 
610 295 
611 295 
612 295 
613 295 
614 295 
615 296 
616 297 
617 298 
618 299 
619 300 
620 300 
621 301 
622 302 
623 303 
624 304 
625 305 
626 306 
627 306 
628 306 
629 306 
630 306 
631 307 
632 308 
633 308 
634 308 
635 308 
636 309 
637 310 
638 310 
639 310 
640 310 
641 310 
642 310 
643 311 
644 311 
645 311 
646 311 
647 312 
648 313 
649 314 
650 314 
651 314 
652 314 
653 315 
654 316 
655 317 
656 318 
657 318 
658 319 
659 320 
660 321 
661 321 
662 321 
663 321 
664 321 
665 322 
666 323 
667 324 
668 324 
669 325 
670 326 
671 326 
672 327 
673 328 
674 329 
675 329 
676 330 
677 330 
678 331 
679 331 
680 332 
681 332 
682 332 
683 332 
684 333 
685 333 
686 334 
687 334 
688 334 
689 335 
690 335 
691 336 
692 337 
693 337 
694 337 
695 338 
696 339 
697 340 
698 340 
699 341 
700 341 
701 342 
702 342 
703 342 
704 342 
705 343 
706 343 
707 344 
708 345 
709 346 
710 347 
711 348 
712 349 
713 349 
714 350 
715 351 
716 351 
717 351 
718 352 
719 352 
720 353 
721 354 
722 354 
723 354 
724 354 
725 354 
726 355 
727 356 
728 357 
729 358 
730 359 
731 360 
732 360 
733 361 
734 362 
735 362 
736 362 
737 363 
738 364 
739 364 
740 365 
741 366 
742 367 
743 367 
744 368 
745 368 
746 369 
747 370 
748 370 
749 371 
750 372 
751 372 
752 372 
753 373 
754 373 
755 373 
756 374 
757 374 
758 374 
759 374 
760 375 
761 376 
762 376 
763 376 
764 376 
765 377 
766 377 
767 377 
768 378 
769 378 
770 378 
771 378 
772 379 
773 380 
774 380 
775 380 
776 381 
777 381 
778 382 
779 382 
780 383 
781 383 
782 383 
783 384 
784 384 
785 384 
786 384 
787 385 
788 385 
789 385 
790 385 
791 385 
792 386 
793 386 
794 386 
795 387 
796 388 
797 388 
798 389 
799 389 
800 389 
801 389 
802 389 
803 390 
804 391 
805 392 
806 393 
807 394 
808 395 
809 395 
810 396 
811 396 
812 397 
813 398 
814 399 
815 400 
816 401 
817 402 
818 402 
819 402 
820 403 
821 403 
822 403 
823 403 
824 403 
825 403 
826 404 
827 404 
828 404 
829 405 
830 405 
831 406 
832 407 
833 408 
834 408 
835 408 
836 408 
837 408 
838 409 
839 410 
840 410 
841 410 
842 411 
843 412 
844 413 
845 413 
846 413 
847 414 
848 414 
849 415 
850 416 
851 417 
852 418 
853 419 
854 419 
855 419 
856 420 
857 421 
858 421 
859 422 
860 422 
861 422 
862 422 
863 423 
864 424 
865 425 
866 425 
867 426 
868 427 
869 428 
870 428 
871 429 
872 429 
873 430 
874 431 
875 432 
876 432 
877 433 
878 433 
879 433 
880 433 
881 434 
882 435 
883 435 
884 435 
885 436 
886 436 
887 437 
888 438 
889 438 
890 439 
891 440 
892 440 
893 441 
894 442 
895 442 
896 442 
897 443 
898 444 
899 445 
900 445 
901 445 
902 446 
903 446 
904 447 
905 447 
906 447 
907 448 
908 449 
909 449 
910 450 
911 450 
912 450 
913 451 
914 451 
915 451 
916 451 
917 451 
918 451 
919 452 
920 452 
921 453 
922 454 
923 454 
924 454 
925 454 
926 454 
927 455 
928 456 
929 456 
930 456 
931 457 
932 457 
933 458 
934 458 
935 459 
936 460 
937 460 
938 461 
939 462 
940 462 
941 462 
942 463 
943 463 
944 464 
945 465 
946 466 
947 466 
948 467 
949 468 
950 469 
951 470 
952 470 
953 470 
954 471 
955 471 
956 471 
957 471 
958 472 
959 473 
960 473 
961 473 
962 474 
963 474 
964 475 
965 476 
966 477 
967 478 
968 479 
969 479 
970 479 
971 480 
972 481 
973 482 
974 482 
975 482 
976 482 
977 483 
978 483 
979 484 
980 484 
981 484 
982 484 
983 484 
984 484 
985 485 
986 485 
987 486 
988 487 
989 487 
990 487 
991 488 
992 488 
993 489 
994 490 
995 491 
996 491 
997 492 
998 492 
999 493 
