0.100000 0.015000 
0.200000 0.030299 
0.300000 0.045903 
0.400000 0.061817 
0.500000 0.078049 
0.600000 0.094603 
0.700000 0.111488 
0.800000 0.128709 
0.900000 0.146272 
1.000000 0.164186 
1.100000 0.182455 
1.200000 0.201089 
1.300000 0.220093 
1.400000 0.239476 
1.500000 0.259244 
1.600000 0.279406 
1.700000 0.299968 
1.800000 0.320940 
1.900000 0.342329 
2.000000 0.364143 
2.100000 0.386390 
2.200000 0.409080 
2.300000 0.432221 
2.400000 0.455822 
2.500000 0.479892 
2.600000 0.504440 
2.700000 0.529476 
2.800000 0.555009 
2.900000 0.581049 
3.000000 0.607606 
3.100000 0.634690 
3.200000 0.662312 
3.300000 0.690483 
3.400000 0.719212 
3.500000 0.748511 
3.600000 0.778391 
3.700000 0.808864 
3.800000 0.839941 
3.900000 0.871634 
4.000000 0.903955 
4.100000 0.936917 
4.200000 0.970532 
4.300000 1.004813 
4.400000 1.039772 
4.500000 1.075424 
4.600000 1.111782 
4.700000 1.148859 
4.800000 1.186670 
4.900000 1.225228 
5.000000 1.264550 
5.100000 1.304649 
5.200000 1.345540 
5.300000 1.387240 
5.400000 1.429763 
5.500000 1.473127 
5.600000 1.517347 
5.700000 1.562440 
5.800000 1.608422 
5.900000 1.655312 
6.000000 1.703127 
6.100000 1.751885 
6.200000 1.801604 
6.300000 1.852303 
6.400000 1.904001 
6.500000 1.956717 
6.600000 2.010471 
6.700000 2.065283 
6.800000 2.121173 
6.900000 2.178163 
7.000000 2.236273 
7.100000 2.295526 
7.200000 2.355942 
7.300000 2.417545 
7.400000 2.480358 
7.500000 2.544403 
7.600000 2.609705 
7.700000 2.676287 
7.800000 2.744175 
7.900000 2.813392 
8.000000 2.883966 
8.100000 2.955921 
8.200000 3.029283 
8.300000 3.104081 
8.400000 3.180341 
8.500000 3.258092 
8.600000 3.337361 
8.700000 3.418177 
8.800000 3.500570 
8.900000 3.584571 
9.000000 3.670208 
9.100000 3.757514 
9.200000 3.846520 
9.300000 3.937259 
9.400000 4.029762 
9.500000 4.124063 
9.600000 4.220196 
9.700000 4.318196 
9.800000 4.418098 
9.900000 4.519936 
10.000000 4.623749 
10.100000 4.729572 
10.200000 4.837443 
10.300000 4.947401 
10.400000 5.059485 
10.500000 5.173733 
10.600000 5.290186 
10.700000 5.408886 
10.800000 5.529874 
10.900000 5.653191 
11.000000 5.778882 
11.100000 5.906990 
11.200000 6.037560 
11.300000 6.170637 
11.400000 6.306266 
11.500000 6.444495 
11.600000 6.585372 
11.700000 6.728944 
11.800000 6.875260 
11.900000 7.024372 
12.000000 7.176329 
12.100000 7.331182 
12.200000 7.488986 
12.300000 7.649792 
12.400000 7.813654 
12.500000 7.980628 
12.600000 8.150770 
12.700000 8.324136 
12.800000 8.500783 
12.900000 8.680771 
13.000000 8.864158 
13.100000 9.051006 
13.200000 9.241374 
13.300000 9.435325 
13.400000 9.632922 
13.500000 9.834229 
13.600000 10.039312 
13.700000 10.248235 
13.800000 10.461066 
13.900000 10.677873 
14.000000 10.898724 
14.100000 11.123689 
14.200000 11.352840 
14.300000 11.586247 
14.400000 11.823983 
14.500000 12.066123 
14.600000 12.312741 
14.700000 12.563912 
14.800000 12.819715 
14.900000 13.080226 
15.000000 13.345524 
15.100000 13.615690 
15.200000 13.890804 
15.300000 14.170948 
15.400000 14.456205 
15.500000 14.746659 
15.600000 15.042396 
15.700000 15.343501 
15.800000 15.650062 
15.900000 15.962166 
16.000000 16.279904 
16.100000 16.603364 
16.200000 16.932639 
16.300000 17.267821 
16.400000 17.609003 
16.500000 17.956279 
16.600000 18.309744 
16.700000 18.669496 
16.800000 19.035631 
16.900000 19.408247 
17.000000 19.787444 
17.100000 20.173322 
17.200000 20.565983 
17.300000 20.965527 
17.400000 21.372059 
17.500000 21.785682 
17.600000 22.206502 
17.700000 22.634622 
17.800000 23.070152 
17.900000 23.513197 
18.000000 23.963865 
18.100000 24.422267 
18.200000 24.888512 
18.300000 25.362710 
18.400000 25.844972 
18.500000 26.335411 
18.600000 26.834139 
18.700000 27.341270 
18.800000 27.856917 
18.900000 28.381196 
19.000000 28.914220 
19.100000 29.456106 
19.200000 30.006970 
19.300000 30.566928 
19.400000 31.136098 
19.500000 31.714596 
19.600000 32.302541 
19.700000 32.900050 
19.800000 33.507242 
19.900000 34.124234 
20.000000 34.751147 
20.100000 35.388097 
20.200000 36.035205 
20.300000 36.692588 
20.400000 37.360367 
20.500000 38.038658 
20.600000 38.727582 
20.700000 39.427255 
20.800000 40.137798 
20.900000 40.859326 
21.000000 41.591958 
21.100000 42.335810 
21.200000 43.090999 
21.300000 43.857641 
21.400000 44.635852 
21.500000 45.425745 
21.600000 46.227435 
21.700000 47.041035 
21.800000 47.866657 
21.900000 48.704413 
22.000000 49.554411 
22.100000 50.416763 
22.200000 51.291574 
22.300000 52.178953 
22.400000 53.079004 
22.500000 53.991832 
22.600000 54.917538 
22.700000 55.856225 
22.800000 56.807991 
22.900000 57.772934 
23.000000 58.751150 
23.100000 59.742733 
23.200000 60.747774 
23.300000 61.766365 
23.400000 62.798593 
23.500000 63.844545 
23.600000 64.904303 
23.700000 65.977950 
23.800000 67.065563 
23.900000 68.167221 
24.000000 69.282996 
24.100000 70.412961 
24.200000 71.557183 
24.300000 72.715730 
24.400000 73.888664 
24.500000 75.076045 
24.600000 76.277931 
24.700000 77.494377 
24.800000 78.725433 
24.900000 79.971148 
25.000000 81.231566 
25.100000 82.506729 
25.200000 83.796676 
25.300000 85.101441 
25.400000 86.421056 
25.500000 87.755549 
25.600000 89.104944 
25.700000 90.469263 
25.800000 91.848522 
25.900000 93.242734 
26.000000 94.651911 
26.100000 96.076057 
26.200000 97.515175 
26.300000 98.969263 
26.400000 100.438317 
26.500000 101.922326 
26.600000 103.421278 
26.700000 104.935155 
26.800000 106.463936 
26.900000 108.007597 
27.000000 109.566107 
27.100000 111.139435 
27.200000 112.727543 
27.300000 114.330390 
27.400000 115.947932 
27.500000 117.580118 
27.600000 119.226897 
27.700000 120.888212 
27.800000 122.564001 
27.900000 124.254200 
28.000000 125.958740 
28.100000 127.677549 
28.200000 129.410550 
28.300000 131.157663 
28.400000 132.918803 
28.500000 134.693884 
28.600000 136.482814 
28.700000 138.285496 
28.800000 140.101833 
28.900000 141.931722 
29.000000 143.775057 
29.100000 145.631729 
29.200000 147.501625 
29.300000 149.384627 
29.400000 151.280618 
29.500000 153.189474 
29.600000 155.111069 
29.700000 157.045274 
29.800000 158.991957 
29.900000 160.950983 
30.000000 162.922214 
30.100000 164.905509 
30.200000 166.900724 
30.300000 168.907714 
30.400000 170.926329 
30.500000 172.956419 
30.600000 174.997829 
30.700000 177.050403 
30.800000 179.113984 
30.900000 181.188411 
31.000000 183.273521 
31.100000 185.369150 
31.200000 187.475131 
31.300000 189.591297 
31.400000 191.717477 
31.500000 193.853500 
31.600000 195.999192 
31.700000 198.154380 
31.800000 200.318886 
31.900000 202.492535 
32.000000 204.675147 
32.100000 206.866544 
32.200000 209.066544 
32.300000 211.274967 
32.400000 213.491630 
32.500000 215.716350 
32.600000 217.948943 
32.700000 220.189226 
32.800000 222.437013 
32.900000 224.692120 
33.000000 226.954361 
33.100000 229.223551 
33.200000 231.499503 
33.300000 233.782032 
33.400000 236.070952 
33.500000 238.366076 
33.600000 240.667220 
33.700000 242.974197 
33.800000 245.286823 
33.900000 247.604913 
34.000000 249.928282 
34.100000 252.256746 
34.200000 254.590121 
34.300000 256.928226 
34.400000 259.270878 
34.500000 261.617895 
34.600000 263.969098 
34.700000 266.324306 
34.800000 268.683340 
34.900000 271.046023 
35.000000 273.412179 
35.100000 275.781630 
35.200000 278.154203 
35.300000 280.529724 
35.400000 282.908021 
35.500000 285.288923 
35.600000 287.672260 
35.700000 290.057864 
35.800000 292.445568 
35.900000 294.835205 
36.000000 297.226613 
36.100000 299.619628 
36.200000 302.014089 
36.300000 304.409836 
36.400000 306.806711 
36.500000 309.204558 
36.600000 311.603222 
36.700000 314.002549 
36.800000 316.402388 
36.900000 318.802589 
37.000000 321.203003 
37.100000 323.603484 
37.200000 326.003887 
37.300000 328.404069 
37.400000 330.803888 
37.500000 333.203206 
37.600000 335.601883 
37.700000 337.999785 
37.800000 340.396776 
37.900000 342.792725 
38.000000 345.187501 
38.100000 347.580975 
38.200000 349.973020 
38.300000 352.363510 
38.400000 354.752323 
38.500000 357.139337 
38.600000 359.524432 
38.700000 361.907490 
38.800000 364.288395 
38.900000 366.667033 
39.000000 369.043291 
39.100000 371.417060 
39.200000 373.788229 
39.300000 376.156692 
39.400000 378.522344 
39.500000 380.885080 
39.600000 383.244800 
39.700000 385.601404 
39.800000 387.954793 
39.900000 390.304870 
40.000000 392.651542 
40.100000 394.994715 
40.200000 397.334298 
40.300000 399.670201 
40.400000 402.002337 
40.500000 404.330619 
40.600000 406.654963 
40.700000 408.975285 
40.800000 411.291506 
40.900000 413.603544 
41.000000 415.911323 
41.100000 418.214765 
41.200000 420.513796 
41.300000 422.808343 
41.400000 425.098334 
41.500000 427.383699 
41.600000 429.664369 
41.700000 431.940277 
41.800000 434.211358 
41.900000 436.477546 
42.000000 438.738781 
42.100000 440.995000 
42.200000 443.246143 
42.300000 445.492152 
42.400000 447.732970 
42.500000 449.968542 
42.600000 452.198813 
42.700000 454.423730 
42.800000 456.643241 
42.900000 458.857296 
43.000000 461.065847 
43.100000 463.268845 
43.200000 465.466243 
43.300000 467.657997 
43.400000 469.844063 
43.500000 472.024397 
43.600000 474.198958 
43.700000 476.367706 
43.800000 478.530600 
43.900000 480.687604 
44.000000 482.838680 
44.100000 484.983791 
44.200000 487.122904 
44.300000 489.255985 
44.400000 491.382999 
44.500000 493.503917 
44.600000 495.618707 
44.700000 497.727340 
44.800000 499.829787 
44.900000 501.926020 
45.000000 504.016013 
45.100000 506.099740 
45.200000 508.177176 
45.300000 510.248298 
45.400000 512.313081 
45.500000 514.371505 
45.600000 516.423548 
45.700000 518.469189 
45.800000 520.508410 
45.900000 522.541191 
46.000000 524.567515 
46.100000 526.587364 
46.200000 528.600723 
46.300000 530.607576 
46.400000 532.607907 
46.500000 534.601704 
46.600000 536.588953 
46.700000 538.569642 
46.800000 540.543758 
46.900000 542.511291 
47.000000 544.472230 
47.100000 546.426566 
47.200000 548.374289 
47.300000 550.315392 
47.400000 552.249865 
47.500000 554.177704 
47.600000 556.098899 
47.700000 558.013447 
47.800000 559.921341 
47.900000 561.822577 
48.000000 563.717151 
48.100000 565.605059 
48.200000 567.486298 
48.300000 569.360865 
48.400000 571.228759 
48.500000 573.089978 
48.600000 574.944521 
48.700000 576.792388 
48.800000 578.633579 
48.900000 580.468094 
49.000000 582.295934 
49.100000 584.117101 
49.200000 585.931596 
49.300000 587.739423 
49.400000 589.540583 
49.500000 591.335081 
49.600000 593.122918 
49.700000 594.904101 
49.800000 596.678633 
49.900000 598.446518 
50.000000 600.207763 
50.100000 601.962372 
50.200000 603.710353 
50.300000 605.451710 
50.400000 607.186450 
50.500000 608.914582 
50.600000 610.636111 
50.700000 612.351046 
50.800000 614.059395 
50.900000 615.761165 
51.000000 617.456366 
51.100000 619.145007 
51.200000 620.827097 
51.300000 622.502644 
51.400000 624.171660 
51.500000 625.834154 
51.600000 627.490136 
51.700000 629.139617 
51.800000 630.782608 
51.900000 632.419120 
52.000000 634.049165 
52.100000 635.672753 
52.200000 637.289897 
52.300000 638.900608 
52.400000 640.504900 
52.500000 642.102784 
52.600000 643.694274 
52.700000 645.279381 
52.800000 646.858120 
52.900000 648.430503 
53.000000 649.996544 
53.100000 651.556257 
53.200000 653.109655 
53.300000 654.656753 
53.400000 656.197565 
53.500000 657.732105 
53.600000 659.260387 
53.700000 660.782427 
53.800000 662.298240 
53.900000 663.807839 
54.000000 665.311241 
54.100000 666.808461 
54.200000 668.299514 
54.300000 669.784415 
54.400000 671.263181 
54.500000 672.735827 
54.600000 674.202369 
54.700000 675.662824 
54.800000 677.117206 
54.900000 678.565534 
55.000000 680.007823 
55.100000 681.444089 
55.200000 682.874349 
55.300000 684.298621 
55.400000 685.716920 
55.500000 687.129264 
55.600000 688.535669 
55.700000 689.936153 
55.800000 691.330733 
55.900000 692.719426 
56.000000 694.102249 
56.100000 695.479220 
56.200000 696.850356 
56.300000 698.215675 
56.400000 699.575195 
56.500000 700.928932 
56.600000 702.276905 
56.700000 703.619131 
56.800000 704.955629 
56.900000 706.286416 
57.000000 707.611510 
57.100000 708.930929 
57.200000 710.244691 
57.300000 711.552815 
57.400000 712.855318 
57.500000 714.152218 
57.600000 715.443534 
57.700000 716.729284 
57.800000 718.009486 
57.900000 719.284159 
58.000000 720.553321 
58.100000 721.816989 
58.200000 723.075183 
58.300000 724.327922 
58.400000 725.575222 
58.500000 726.817104 
58.600000 728.053585 
58.700000 729.284683 
58.800000 730.510418 
58.900000 731.730808 
59.000000 732.945871 
59.100000 734.155626 
59.200000 735.360091 
59.300000 736.559286 
59.400000 737.753228 
59.500000 738.941936 
59.600000 740.125429 
59.700000 741.303725 
59.800000 742.476843 
59.900000 743.644801 
60.000000 744.807618 
60.100000 745.965313 
60.200000 747.117904 
60.300000 748.265410 
60.400000 749.407849 
60.500000 750.545239 
60.600000 751.677600 
60.700000 752.804950 
60.800000 753.927307 
60.900000 755.044690 
61.000000 756.157117 
61.100000 757.264607 
61.200000 758.367178 
61.300000 759.464849 
61.400000 760.557638 
61.500000 761.645563 
61.600000 762.728643 
61.700000 763.806896 
61.800000 764.880341 
61.900000 765.948996 
62.000000 767.012879 
62.100000 768.072009 
62.200000 769.126403 
62.300000 770.176080 
62.400000 771.221058 
62.500000 772.261355 
62.600000 773.296989 
62.700000 774.327979 
62.800000 775.354343 
62.900000 776.376098 
63.000000 777.393263 
63.100000 778.405856 
63.200000 779.413894 
63.300000 780.417395 
63.400000 781.416378 
63.500000 782.410861 
63.600000 783.400860 
63.700000 784.386394 
63.800000 785.367480 
63.900000 786.344137 
64.000000 787.316382 
64.100000 788.284233 
64.200000 789.247707 
64.300000 790.206821 
64.400000 791.161594 
64.500000 792.112043 
64.600000 793.058185 
64.700000 794.000037 
64.800000 794.937618 
64.900000 795.870944 
65.000000 796.800032 
65.100000 797.724901 
65.200000 798.645566 
65.300000 799.562046 
65.400000 800.474357 
65.500000 801.382517 
65.600000 802.286542 
65.700000 803.186449 
65.800000 804.082256 
65.900000 804.973980 
66.000000 805.861636 
66.100000 806.745242 
66.200000 807.624815 
66.300000 808.500371 
66.400000 809.371928 
66.500000 810.239501 
66.600000 811.103108 
66.700000 811.962764 
66.800000 812.818487 
66.900000 813.670292 
67.000000 814.518197 
67.100000 815.362217 
67.200000 816.202369 
67.300000 817.038669 
67.400000 817.871134 
67.500000 818.699778 
67.600000 819.524620 
67.700000 820.345673 
67.800000 821.162956 
67.900000 821.976483 
68.000000 822.786270 
68.100000 823.592334 
68.200000 824.394690 
68.300000 825.193354 
68.400000 825.988341 
68.500000 826.779667 
68.600000 827.567349 
68.700000 828.351401 
68.800000 829.131839 
68.900000 829.908678 
69.000000 830.681934 
69.100000 831.451622 
69.200000 832.217758 
69.300000 832.980357 
69.400000 833.739434 
69.500000 834.495003 
69.600000 835.247081 
69.700000 835.995683 
69.800000 836.740822 
69.900000 837.482515 
70.000000 838.220776 
70.100000 838.955621 
70.200000 839.687063 
70.300000 840.415117 
70.400000 841.139799 
70.500000 841.861123 
70.600000 842.579104 
70.700000 843.293756 
70.800000 844.005093 
70.900000 844.713130 
71.000000 845.417882 
71.100000 846.119363 
71.200000 846.817587 
71.300000 847.512568 
71.400000 848.204321 
71.500000 848.892859 
71.600000 849.578198 
71.700000 850.260350 
71.800000 850.939330 
71.900000 851.615152 
72.000000 852.287829 
72.100000 852.957376 
72.200000 853.623807 
72.300000 854.287134 
72.400000 854.947372 
72.500000 855.604535 
72.600000 856.258635 
72.700000 856.909687 
72.800000 857.557704 
72.900000 858.202699 
73.000000 858.844686 
73.100000 859.483678 
73.200000 860.119689 
73.300000 860.752731 
73.400000 861.382818 
73.500000 862.009963 
73.600000 862.634180 
73.700000 863.255480 
73.800000 863.873877 
73.900000 864.489384 
74.000000 865.102014 
74.100000 865.711780 
74.200000 866.318695 
74.300000 866.922770 
74.400000 867.524020 
74.500000 868.122456 
74.600000 868.718091 
74.700000 869.310938 
74.800000 869.901009 
74.900000 870.488317 
75.000000 871.072874 
75.100000 871.654692 
75.200000 872.233783 
75.300000 872.810161 
75.400000 873.383837 
75.500000 873.954823 
75.600000 874.523131 
75.700000 875.088774 
75.800000 875.651763 
75.900000 876.212110 
76.000000 876.769828 
76.100000 877.324928 
76.200000 877.877422 
76.300000 878.427322 
76.400000 878.974639 
76.500000 879.519385 
76.600000 880.061571 
76.700000 880.601211 
76.800000 881.138314 
76.900000 881.672892 
77.000000 882.204957 
77.100000 882.734520 
77.200000 883.261593 
77.300000 883.786186 
77.400000 884.308312 
77.500000 884.827981 
77.600000 885.345204 
77.700000 885.859993 
77.800000 886.372358 
77.900000 886.882311 
78.000000 887.389863 
78.100000 887.895024 
78.200000 888.397805 
78.300000 888.898218 
78.400000 889.396273 
78.500000 889.891980 
78.600000 890.385351 
78.700000 890.876397 
78.800000 891.365127 
78.900000 891.851552 
79.000000 892.335683 
79.100000 892.817531 
79.200000 893.297106 
79.300000 893.774417 
79.400000 894.249477 
79.500000 894.722294 
79.600000 895.192879 
79.700000 895.661243 
79.800000 896.127395 
79.900000 896.591346 
80.000000 897.053106 
80.100000 897.512685 
80.200000 897.970092 
80.300000 898.425338 
80.400000 898.878433 
80.500000 899.329387 
80.600000 899.778209 
80.700000 900.224909 
80.800000 900.669498 
80.900000 901.111984 
81.000000 901.552377 
81.100000 901.990688 
81.200000 902.426925 
81.300000 902.861099 
81.400000 903.293218 
81.500000 903.723292 
81.600000 904.151331 
81.700000 904.577343 
81.800000 905.001339 
81.900000 905.423328 
82.000000 905.843319 
82.100000 906.261321 
82.200000 906.677343 
82.300000 907.091394 
82.400000 907.503484 
82.500000 907.913622 
82.600000 908.321816 
82.700000 908.728076 
82.800000 909.132411 
82.900000 909.534829 
83.000000 909.935339 
83.100000 910.333951 
83.200000 910.730673 
83.300000 911.125513 
83.400000 911.518481 
83.500000 911.909585 
83.600000 912.298834 
83.700000 912.686236 
83.800000 913.071801 
83.900000 913.455535 
84.000000 913.837449 
84.100000 914.217550 
84.200000 914.595848 
84.300000 914.972349 
84.400000 915.347063 
84.500000 915.719998 
84.600000 916.091162 
84.700000 916.460563 
84.800000 916.828210 
84.900000 917.194111 
85.000000 917.558274 
85.100000 917.920706 
85.200000 918.281417 
85.300000 918.640414 
85.400000 918.997705 
85.500000 919.353298 
85.600000 919.707200 
85.700000 920.059421 
85.800000 920.409967 
85.900000 920.758846 
86.000000 921.106067 
86.100000 921.451637 
86.200000 921.795563 
86.300000 922.137854 
86.400000 922.478516 
86.500000 922.817559 
86.600000 923.154988 
86.700000 923.490812 
86.800000 923.825038 
86.900000 924.157674 
87.000000 924.488726 
87.100000 924.818203 
87.200000 925.146112 
87.300000 925.472461 
87.400000 925.797255 
87.500000 926.120504 
87.600000 926.442213 
87.700000 926.762390 
87.800000 927.081043 
87.900000 927.398178 
88.000000 927.713803 
88.100000 928.027925 
88.200000 928.340550 
88.300000 928.651686 
88.400000 928.961339 
88.500000 929.269518 
88.600000 929.576227 
88.700000 929.881476 
88.800000 930.185269 
88.900000 930.487615 
89.000000 930.788519 
89.100000 931.087989 
89.200000 931.386032 
89.300000 931.682654 
89.400000 931.977861 
89.500000 932.271661 
89.600000 932.564060 
89.700000 932.855065 
89.800000 933.144682 
89.900000 933.432917 
90.000000 933.719778 
90.100000 934.005270 
90.200000 934.289400 
90.300000 934.572175 
90.400000 934.853601 
90.500000 935.133683 
90.600000 935.412430 
90.700000 935.689846 
90.800000 935.965938 
90.900000 936.240713 
91.000000 936.514176 
91.100000 936.786333 
91.200000 937.057192 
91.300000 937.326757 
91.400000 937.595036 
91.500000 937.862033 
91.600000 938.127756 
91.700000 938.392210 
91.800000 938.655400 
91.900000 938.917334 
92.000000 939.178017 
92.100000 939.437455 
92.200000 939.695654 
92.300000 939.952619 
92.400000 940.208357 
92.500000 940.462872 
92.600000 940.716172 
92.700000 940.968262 
92.800000 941.219147 
92.900000 941.468833 
93.000000 941.717326 
93.100000 941.964631 
93.200000 942.210754 
93.300000 942.455701 
93.400000 942.699477 
93.500000 942.942088 
93.600000 943.183539 
93.700000 943.423835 
93.800000 943.662983 
93.900000 943.900987 
94.000000 944.137853 
94.100000 944.373587 
94.200000 944.608193 
94.300000 944.841677 
94.400000 945.074045 
94.500000 945.305301 
94.600000 945.535451 
94.700000 945.764500 
94.800000 945.992454 
94.900000 946.219317 
95.000000 946.445094 
95.100000 946.669792 
95.200000 946.893414 
95.300000 947.115967 
95.400000 947.337454 
95.500000 947.557882 
95.600000 947.777254 
95.700000 947.995577 
95.800000 948.212855 
95.900000 948.429093 
96.000000 948.644296 
96.100000 948.858468 
96.200000 949.071616 
96.300000 949.283743 
96.400000 949.494855 
96.500000 949.704956 
96.600000 949.914051 
96.700000 950.122144 
96.800000 950.329242 
96.900000 950.535347 
97.000000 950.740466 
97.100000 950.944602 
97.200000 951.147761 
97.300000 951.349947 
97.400000 951.551164 
97.500000 951.751418 
97.600000 951.950712 
97.700000 952.149052 
97.800000 952.346441 
97.900000 952.542885 
98.000000 952.738388 
98.100000 952.932954 
98.200000 953.126588 
98.300000 953.319294 
98.400000 953.511076 
98.500000 953.701940 
98.600000 953.891889 
98.700000 954.080928 
98.800000 954.269060 
98.900000 954.456291 
99.000000 954.642625 
99.100000 954.828066 
99.200000 955.012617 
99.300000 955.196284 
99.400000 955.379071 
99.500000 955.560982 
99.600000 955.742020 
99.700000 955.922190 
99.800000 956.101497 
99.900000 956.279944 
