0.940274 
0.726391 
0.315600 
1.588116 
0.171957 
0.277270 
1.736185 
1.402949 
1.049880 
2.207946 
0.633802 
1.185508 
2.705900 
0.129108 
1.160998 
0.678255 
0.540172 
0.563040 
1.795646 
1.198779 
1.035449 
0.494185 
0.898555 
2.338512 
0.944798 
0.150351 
0.179911 
0.442419 
1.800471 
0.139899 
0.242400 
1.806629 
0.195470 
0.124238 
0.844907 
1.412863 
0.536804 
0.506853 
1.081952 
0.794116 
0.816984 
0.370249 
1.268561 
0.308700 
2.532092 
3.454263 
1.276034 
0.614504 
2.836160 
0.304187 
0.089787 
0.342300 
1.406450 
0.097420 
0.126486 
2.283264 
0.715453 
2.023931 
0.231255 
0.019918 
0.588372 
0.279073 
1.438469 
1.924768 
1.195720 
0.123723 
2.575077 
0.199295 
2.179345 
2.007756 
5.101901 
1.296702 
0.557104 
1.868456 
1.021536 
1.529976 
0.914942 
0.136184 
1.816423 
0.077952 
0.465716 
0.675579 
0.833082 
2.070366 
3.565539 
1.105344 
0.289955 
0.460489 
0.225112 
1.808004 
3.472425 
0.332525 
0.721492 
0.436468 
0.476413 
1.341289 
1.769144 
1.431616 
0.559759 
0.472719 
0.113880 
0.017696 
1.584791 
1.285072 
1.099207 
5.253131 
0.084109 
1.642911 
0.294645 
0.247182 
1.423331 
0.024079 
2.043326 
1.989265 
2.039383 
0.299780 
0.400893 
4.533621 
0.623932 
0.287749 
0.899014 
0.040978 
1.608429 
0.230191 
1.757630 
0.872646 
0.337945 
1.116545 
0.266220 
0.352441 
0.201459 
1.058884 
0.948798 
0.253853 
0.037709 
3.576154 
1.163425 
0.291588 
2.194197 
2.240235 
0.189825 
1.999028 
0.233955 
4.517858 
0.905774 
0.133037 
0.909627 
0.292941 
2.008612 
2.590072 
0.259887 
0.643821 
0.905237 
0.646935 
0.047761 
1.874072 
0.187108 
0.051316 
1.233344 
1.832466 
0.844659 
3.517512 
0.332591 
0.383713 
2.772869 
1.943287 
1.179485 
2.365574 
2.297136 
0.123520 
2.422082 
0.923822 
1.015260 
1.155204 
2.392389 
1.062681 
1.232973 
0.021552 
0.423506 
1.100211 
0.950662 
0.426451 
0.018616 
3.756045 
0.127043 
0.151659 
0.058832 
0.306710 
0.398133 
2.106822 
2.020433 
0.552095 
0.691902 
0.027435 
1.758700 
1.145188 
0.959622 
0.337367 
1.325517 
3.199712 
1.246966 
0.084122 
5.643465 
0.680193 
2.729491 
0.358843 
0.871567 
1.215837 
0.460404 
0.356047 
1.242468 
0.367314 
0.937780 
0.135739 
0.364662 
1.169121 
0.077351 
0.029783 
0.197164 
0.727969 
0.089976 
0.208641 
4.238999 
0.939081 
1.142965 
1.249419 
2.459274 
0.052599 
0.206145 
2.154548 
0.145000 
0.832352 
0.770579 
1.028536 
4.803193 
0.131933 
0.429583 
0.408201 
3.007908 
1.714137 
1.336042 
1.222063 
0.347022 
4.083701 
2.171105 
0.145412 
0.827578 
0.790805 
0.463789 
0.148872 
1.425963 
1.090712 
0.259627 
0.106391 
0.336687 
0.862374 
1.494793 
0.321889 
1.024176 
1.329831 
0.199232 
0.021158 
2.018520 
0.170724 
1.530168 
0.353335 
1.366220 
0.053351 
0.181839 
0.522590 
1.339211 
1.161849 
3.618050 
4.190991 
1.166525 
0.699232 
0.655860 
0.279034 
0.305268 
0.657200 
2.519075 
0.623144 
0.159145 
1.441655 
0.779632 
1.336786 
4.702480 
0.722238 
0.585666 
3.190116 
0.110487 
0.044103 
0.145241 
0.070552 
2.338240 
0.184802 
1.977019 
0.781628 
0.109278 
1.814813 
1.111813 
0.148728 
1.097778 
4.489060 
0.270858 
2.155246 
0.683222 
1.125892 
0.560066 
0.389312 
2.110037 
0.559473 
0.993383 
0.001708 
1.167360 
2.071705 
1.658088 
0.246616 
0.390694 
0.921532 
0.421540 
0.010311 
0.516243 
0.332447 
0.879663 
0.505329 
0.244236 
0.034514 
0.200238 
2.060483 
2.467650 
0.038461 
0.160987 
0.162268 
0.613566 
0.525097 
1.169902 
0.161628 
0.371421 
0.370425 
1.446371 
0.278925 
2.142403 
0.386378 
0.530853 
1.379530 
1.318397 
0.055842 
1.703925 
1.095910 
0.705182 
0.025010 
0.148452 
1.125746 
1.006444 
1.440279 
0.067713 
0.474407 
1.511353 
0.205945 
0.166639 
1.535053 
0.028070 
0.238695 
2.157595 
0.064945 
1.815163 
0.993944 
0.673939 
0.747207 
1.316433 
0.240029 
0.741089 
2.098482 
1.375604 
0.095720 
0.193922 
1.202729 
0.982574 
0.450837 
0.434153 
0.223170 
1.432497 
3.374286 
0.664375 
0.224297 
2.263205 
1.573359 
0.118248 
0.481873 
0.830647 
0.060722 
0.207966 
1.488451 
0.340472 
2.520331 
0.178284 
0.690298 
0.744148 
0.410248 
1.607109 
1.433093 
0.442638 
0.217828 
1.348887 
0.100299 
2.909179 
1.122304 
1.789626 
1.908997 
1.259210 
1.954778 
0.219546 
2.854641 
0.373951 
0.938680 
0.047573 
1.785869 
0.336029 
1.139341 
0.298933 
1.521752 
0.785012 
0.089814 
1.185587 
0.412290 
0.788623 
1.265815 
0.315460 
0.081165 
0.280053 
0.238234 
1.502603 
0.918015 
1.537829 
0.067399 
0.599528 
1.464145 
2.991403 
0.003653 
0.345526 
0.224182 
0.433088 
0.914795 
0.148476 
0.014164 
0.479234 
0.148025 
0.656385 
1.692622 
2.306420 
1.323075 
0.042104 
2.932382 
1.174426 
1.206193 
0.087361 
3.555028 
1.039105 
0.181774 
0.675914 
0.548404 
1.265957 
2.811434 
0.877571 
1.561521 
0.946864 
0.995102 
1.170979 
1.462418 
0.265112 
0.012481 
0.623543 
1.358281 
2.115557 
1.034205 
3.217116 
0.767953 
0.210971 
1.330117 
0.597864 
0.507266 
1.823837 
0.304341 
5.338176 
0.285877 
3.827838 
0.410694 
1.450658 
0.187567 
0.576821 
1.730581 
0.117362 
0.165085 
1.105155 
0.227913 
0.477980 
0.079050 
0.572685 
1.203099 
0.678554 
3.361822 
0.311191 
1.006036 
0.299149 
0.642582 
1.042961 
0.053682 
0.594433 
0.992734 
3.297554 
0.882710 
0.948890 
1.738025 
0.220260 
0.854915 
1.065501 
0.060292 
0.475234 
0.558487 
0.162966 
0.567012 
1.467313 
0.282907 
0.534414 
2.200047 
1.711152 
1.162677 
0.392860 
0.228472 
1.928602 
0.085605 
2.246436 
0.262441 
0.746714 
1.624722 
0.882103 
0.495006 
0.003629 
2.131346 
0.490566 
0.536756 
2.549385 
2.067850 
0.993920 
0.416841 
0.078312 
3.870353 
0.814488 
1.376022 
1.992985 
0.523585 
1.044685 
0.291397 
0.668058 
5.421254 
1.159055 
0.293422 
2.227405 
0.077001 
0.865358 
2.538472 
0.626749 
0.881462 
2.656651 
0.572556 
0.656802 
0.601653 
0.441184 
0.669603 
0.349821 
0.211032 
0.829822 
0.015004 
0.341632 
1.517569 
0.175918 
0.215894 
0.842006 
1.534282 
0.268427 
1.159842 
0.522988 
1.235968 
1.106220 
0.135953 
0.578921 
0.991330 
0.238996 
2.029079 
0.941727 
0.048851 
0.360667 
3.589379 
2.015328 
0.019869 
1.006719 
0.600920 
0.932231 
0.723837 
0.655118 
1.440230 
2.039739 
0.038376 
1.434389 
0.796584 
0.340018 
0.676434 
2.019628 
0.994633 
1.499853 
0.355242 
0.255481 
0.283347 
3.992227 
1.456884 
0.976898 
0.802698 
0.641910 
1.220849 
0.326060 
0.435485 
1.189284 
0.344808 
1.067410 
0.110328 
1.065524 
0.213421 
0.044664 
0.161632 
0.467180 
2.599346 
2.024384 
0.237804 
0.078538 
0.657986 
1.454465 
0.149866 
0.152084 
0.210213 
0.524212 
2.252397 
1.589769 
1.781188 
0.064435 
1.606159 
0.819237 
0.014076 
2.542667 
0.023444 
0.575546 
1.525472 
0.184334 
0.398841 
2.050988 
0.672571 
1.605419 
0.065427 
0.561274 
2.429883 
0.213521 
0.510276 
0.294198 
0.960732 
0.560015 
1.770366 
0.300604 
0.872799 
0.451356 
2.365682 
0.073183 
0.060169 
0.586123 
0.267108 
1.288740 
1.173383 
0.330469 
1.256542 
0.119890 
2.152927 
3.604949 
0.037783 
0.197012 
0.544545 
0.183983 
0.539909 
1.967519 
0.393273 
2.227693 
0.904106 
1.544476 
4.387769 
0.122724 
0.076946 
1.286978 
0.741988 
0.076232 
0.950573 
1.469160 
0.505143 
0.411251 
3.541902 
0.355756 
0.330711 
1.005326 
2.252886 
1.077509 
0.204503 
0.540676 
0.455542 
0.955673 
1.662147 
0.208356 
0.093978 
0.787505 
0.193406 
0.826720 
0.273162 
0.485532 
0.657564 
0.100200 
0.590312 
0.391981 
0.258297 
1.887289 
0.044484 
0.291643 
0.864198 
1.244377 
0.818689 
3.077958 
4.121815 
0.641429 
0.607064 
0.051399 
0.043699 
1.021096 
0.130600 
1.201343 
0.975391 
0.006274 
0.130148 
0.040075 
0.257229 
3.785904 
1.130480 
0.484288 
0.938922 
1.013083 
0.536984 
0.183141 
1.031131 
0.840982 
0.448905 
1.022471 
0.581131 
0.555997 
0.197367 
0.377947 
1.256363 
0.293563 
1.085753 
0.173736 
0.514876 
0.814720 
0.652461 
0.788467 
0.745499 
0.128802 
0.178031 
2.830144 
0.375853 
0.873225 
0.438309 
0.441839 
0.837180 
1.388927 
0.350189 
0.783082 
0.325428 
1.128121 
0.838580 
2.673801 
0.679787 
0.639582 
0.092854 
0.403869 
0.571755 
2.159289 
0.433802 
0.481035 
2.021415 
0.944458 
2.521494 
1.324790 
1.241657 
0.467868 
0.179957 
0.008120 
2.446609 
1.337074 
0.305106 
0.658882 
0.831415 
1.143286 
0.571825 
0.780220 
0.307404 
2.504390 
0.581178 
2.040977 
1.350693 
3.382716 
0.380788 
0.507946 
1.255676 
3.405860 
0.466713 
6.146599 
0.020635 
0.298344 
0.567658 
2.617198 
3.469381 
1.178213 
0.396022 
0.025916 
3.454239 
1.230650 
1.001070 
1.080696 
0.494435 
0.162002 
1.103041 
0.547475 
1.156325 
1.819597 
1.328120 
0.833750 
1.398902 
2.210189 
0.939466 
0.239275 
0.814225 
1.565975 
0.333502 
0.345004 
4.894952 
0.238097 
3.233130 
0.267519 
0.004208 
0.871651 
0.347817 
0.549562 
3.055504 
0.523809 
2.124348 
0.480397 
0.265138 
0.423264 
0.003799 
1.293815 
0.149788 
0.017685 
0.980112 
1.935957 
4.152041 
0.885737 
0.979565 
0.513275 
0.627584 
0.080072 
0.352038 
0.542610 
0.334927 
0.573993 
0.093768 
0.406776 
0.009107 
0.458548 
0.910424 
1.023093 
0.217395 
2.217373 
1.634361 
0.418438 
1.399330 
1.102531 
0.858487 
0.161855 
0.828330 
0.073013 
0.510194 
0.555391 
0.421721 
0.001452 
0.476140 
2.142124 
1.469178 
0.626292 
0.644549 
0.022251 
1.815258 
2.192120 
7.832781 
0.408965 
0.658379 
0.208302 
0.439314 
0.285281 
0.594861 
0.903261 
0.030742 
1.676110 
0.515141 
0.250011 
1.818284 
0.170831 
0.361641 
0.482918 
0.528017 
1.130597 
0.018112 
1.105647 
2.831830 
4.161926 
0.208991 
1.433298 
0.194204 
0.916016 
0.432025 
0.006606 
1.072491 
0.510578 
0.356644 
1.326470 
0.240580 
1.666711 
1.233444 
0.400779 
1.213109 
1.412272 
5.114954 
0.054345 
0.004553 
0.430049 
0.569831 
0.934463 
0.305418 
0.416702 
0.770427 
0.621839 
0.475893 
0.374388 
1.066169 
2.604066 
1.383531 
0.976157 
1.939665 
3.164658 
0.306368 
0.111218 
0.036275 
1.371246 
0.784936 
0.708591 
0.339728 
0.026250 
0.571841 
1.180379 
0.739003 
0.160610 
1.395219 
0.871087 
0.399820 
2.326652 
0.309991 
1.884174 
0.104659 
0.088009 
3.046648 
0.455427 
0.490994 
1.704845 
0.649365 
0.514973 
0.765703 
0.985213 
2.906880 
0.833035 
0.756358 
0.288328 
2.180729 
0.685871 
0.142640 
0.247772 
0.701610 
0.382866 
