1 58 
2 -15 
3 14 
4 30 
5 -44 
6 -5 
7 16 
8 26 
9 -32 
10 -24 
11 -33 
12 -58 
13 2 
14 -24 
15 19 
16 35 
17 16 
18 -33 
19 31 
20 -13 
21 -24 
22 41 
23 -6 
24 28 
25 29 
26 -15 
27 -9 
28 3 
29 -32 
30 26 
31 46 
32 -10 
33 -43 
34 -19 
35 6 
36 29 
37 -9 
38 5 
39 12 
40 48 
41 17 
42 37 
43 40 
44 -6 
45 -18 
46 28 
47 -13 
48 9 
49 0 
50 -15 
51 -31 
52 10 
53 27 
54 48 
55 -2 
56 -23 
57 -28 
58 2 
59 -32 
60 5 
61 -8 
62 34 
63 -23 
64 28 
65 21 
66 -26 
67 -5 
68 -23 
69 6 
70 8 
71 10 
72 38 
73 -17 
74 9 
75 24 
76 -9 
77 12 
78 -34 
79 17 
80 -16 
81 7 
82 36 
83 7 
84 -11 
85 -18 
86 -26 
87 2 
88 -33 
89 33 
90 5 
91 -7 
92 -1 
93 -22 
94 -21 
95 30 
96 49 
97 -8 
98 2 
99 -3 
