0.470137 
0.363195 
0.157800 
0.794058 
0.085978 
0.138635 
0.868093 
0.701475 
0.524940 
1.103973 
0.316901 
0.592754 
1.352950 
0.064554 
0.580499 
0.339128 
0.270086 
0.281520 
0.897823 
0.599390 
0.517724 
0.247093 
0.449278 
1.169256 
0.472399 
0.075176 
0.089955 
0.221210 
0.900236 
0.069949 
0.121200 
0.903315 
0.097735 
0.062119 
0.422453 
0.706432 
0.268402 
0.253427 
0.540976 
0.397058 
0.408492 
0.185125 
0.634280 
0.154350 
1.266046 
1.727132 
0.638017 
0.307252 
1.418080 
0.152093 
0.044894 
0.171150 
0.703225 
0.048710 
0.063243 
1.141632 
0.357726 
1.011965 
0.115627 
0.009959 
0.294186 
0.139537 
0.719235 
0.962384 
0.597860 
0.061862 
1.287538 
0.099647 
1.089672 
1.003878 
2.550950 
0.648351 
0.278552 
0.934228 
0.510768 
0.764988 
0.457471 
0.068092 
0.908211 
0.038976 
0.232858 
0.337790 
0.416541 
1.035183 
1.782770 
0.552672 
0.144978 
0.230244 
0.112556 
0.904002 
1.736213 
0.166262 
0.360746 
0.218234 
0.238207 
0.670645 
0.884572 
0.715808 
0.279880 
0.236359 
0.056940 
0.008848 
0.792396 
0.642536 
0.549603 
2.626566 
0.042055 
0.821456 
0.147323 
0.123591 
0.711666 
0.012040 
1.021663 
0.994632 
1.019692 
0.149890 
0.200447 
2.266811 
0.311966 
0.143874 
0.449507 
0.020489 
0.804214 
0.115096 
0.878815 
0.436323 
0.168973 
0.558272 
0.133110 
0.176220 
0.100729 
0.529442 
0.474399 
0.126927 
0.018854 
1.788077 
0.581713 
0.145794 
1.097099 
1.120118 
0.094912 
0.999514 
0.116978 
2.258929 
0.452887 
0.066518 
0.454814 
0.146470 
1.004306 
1.295036 
0.129944 
0.321911 
0.452619 
0.323468 
0.023880 
0.937036 
0.093554 
0.025658 
0.616672 
0.916233 
0.422330 
1.758756 
0.166296 
0.191856 
1.386434 
0.971643 
0.589743 
1.182787 
1.148568 
0.061760 
1.211041 
0.461911 
0.507630 
0.577602 
1.196194 
0.531341 
0.616486 
0.010776 
0.211753 
0.550105 
0.475331 
0.213225 
0.009308 
1.878022 
0.063521 
0.075829 
0.029416 
0.153355 
0.199067 
1.053411 
1.010216 
0.276048 
0.345951 
0.013717 
0.879350 
0.572594 
0.479811 
0.168683 
0.662759 
1.599856 
0.623483 
0.042061 
2.821732 
0.340097 
1.364746 
0.179422 
0.435783 
0.607919 
0.230202 
0.178024 
0.621234 
0.183657 
0.468890 
0.067870 
0.182331 
0.584560 
0.038675 
0.014891 
0.098582 
0.363984 
0.044988 
0.104321 
2.119499 
0.469540 
0.571482 
0.624709 
1.229637 
0.026300 
0.103072 
1.077274 
0.072500 
0.416176 
0.385289 
0.514268 
2.401597 
0.065966 
0.214792 
0.204101 
1.503954 
0.857068 
0.668021 
0.611032 
0.173511 
2.041850 
1.085552 
0.072706 
0.413789 
0.395403 
0.231894 
0.074436 
0.712981 
0.545356 
0.129813 
0.053196 
0.168343 
0.431187 
0.747397 
0.160944 
0.512088 
0.664916 
0.099616 
0.010579 
1.009260 
0.085362 
0.765084 
0.176668 
0.683110 
0.026675 
0.090920 
0.261295 
0.669606 
0.580925 
1.809025 
2.095496 
0.583262 
0.349616 
0.327930 
0.139517 
0.152634 
0.328600 
1.259537 
0.311572 
0.079572 
0.720828 
0.389816 
0.668393 
2.351240 
0.361119 
0.292833 
1.595058 
0.055243 
0.022052 
0.072620 
0.035276 
1.169120 
0.092401 
0.988509 
0.390814 
0.054639 
0.907406 
0.555907 
0.074364 
0.548889 
2.244530 
0.135429 
1.077623 
0.341611 
0.562946 
0.280033 
0.194656 
1.055018 
0.279737 
0.496691 
0.000854 
0.583680 
1.035853 
0.829044 
0.123308 
0.195347 
0.460766 
0.210770 
0.005155 
0.258122 
0.166224 
0.439832 
0.252664 
0.122118 
0.017257 
0.100119 
1.030241 
1.233825 
0.019231 
0.080494 
0.081134 
0.306783 
0.262548 
0.584951 
0.080814 
0.185710 
0.185213 
0.723185 
0.139463 
1.071201 
0.193189 
0.265426 
0.689765 
0.659199 
0.027921 
0.851963 
0.547955 
0.352591 
0.012505 
0.074226 
0.562873 
0.503222 
0.720139 
0.033857 
0.237204 
0.755677 
0.102972 
0.083319 
0.767526 
0.014035 
0.119348 
1.078797 
0.032472 
0.907582 
0.496972 
0.336970 
0.373604 
0.658216 
0.120014 
0.370545 
1.049241 
0.687802 
0.047860 
0.096961 
0.601365 
0.491287 
0.225419 
0.217076 
0.111585 
0.716249 
1.687143 
0.332187 
0.112148 
1.131602 
0.786680 
0.059124 
0.240936 
0.415323 
0.030361 
0.103983 
0.744225 
0.170236 
1.260166 
0.089142 
0.345149 
0.372074 
0.205124 
0.803554 
0.716547 
0.221319 
0.108914 
0.674443 
0.050150 
1.454590 
0.561152 
0.894813 
0.954499 
0.629605 
0.977389 
0.109773 
1.427321 
0.186976 
0.469340 
0.023786 
0.892935 
0.168015 
0.569671 
0.149467 
0.760876 
0.392506 
0.044907 
0.592793 
0.206145 
0.394311 
0.632908 
0.157730 
0.040582 
0.140026 
0.119117 
0.751302 
0.459008 
0.768914 
0.033700 
0.299764 
0.732072 
1.495701 
0.001827 
0.172763 
0.112091 
0.216544 
0.457398 
0.074238 
0.007082 
0.239617 
0.074012 
0.328192 
0.846311 
1.153210 
0.661537 
0.021052 
1.466191 
0.587213 
0.603097 
0.043681 
1.777514 
0.519552 
0.090887 
0.337957 
0.274202 
0.632978 
1.405717 
0.438786 
0.780761 
0.473432 
0.497551 
0.585490 
0.731209 
0.132556 
0.006240 
0.311771 
0.679140 
1.057778 
0.517102 
1.608558 
0.383976 
0.105486 
0.665058 
0.298932 
0.253633 
0.911919 
0.152170 
2.669088 
0.142939 
1.913919 
0.205347 
0.725329 
0.093783 
0.288410 
0.865290 
0.058681 
0.082543 
0.552578 
0.113957 
0.238990 
0.039525 
0.286342 
0.601550 
0.339277 
1.680911 
0.155596 
0.503018 
0.149575 
0.321291 
0.521481 
0.026841 
0.297216 
0.496367 
1.648777 
0.441355 
0.474445 
0.869013 
0.110130 
0.427457 
0.532750 
0.030146 
0.237617 
0.279243 
0.081483 
0.283506 
0.733657 
0.141453 
0.267207 
1.100024 
0.855576 
0.581339 
0.196430 
0.114236 
0.964301 
0.042802 
1.123218 
0.131220 
0.373357 
0.812361 
0.441052 
0.247503 
0.001814 
1.065673 
0.245283 
0.268378 
1.274692 
1.033925 
0.496960 
0.208421 
0.039156 
1.935177 
0.407244 
0.688011 
0.996492 
0.261792 
0.522342 
0.145698 
0.334029 
2.710627 
0.579527 
0.146711 
1.113703 
0.038500 
0.432679 
1.269236 
0.313375 
0.440731 
1.328325 
0.286278 
0.328401 
0.300826 
0.220592 
0.334801 
0.174911 
0.105516 
0.414911 
0.007502 
0.170816 
0.758784 
0.087959 
0.107947 
0.421003 
0.767141 
0.134214 
0.579921 
0.261494 
0.617984 
0.553110 
0.067976 
0.289460 
0.495665 
0.119498 
1.014540 
0.470864 
0.024425 
0.180333 
1.794690 
1.007664 
0.009934 
0.503359 
0.300460 
0.466116 
0.361918 
0.327559 
0.720115 
1.019870 
0.019188 
0.717195 
0.398292 
0.170009 
0.338217 
1.009814 
0.497316 
0.749926 
0.177621 
0.127741 
0.141673 
1.996114 
0.728442 
0.488449 
0.401349 
0.320955 
0.610425 
0.163030 
0.217742 
0.594642 
0.172404 
0.533705 
0.055164 
0.532762 
0.106711 
0.022332 
0.080816 
0.233590 
1.299673 
1.012192 
0.118902 
0.039269 
0.328993 
0.727232 
0.074933 
0.076042 
0.105106 
0.262106 
1.126198 
0.794885 
0.890594 
0.032217 
0.803079 
0.409618 
0.007038 
1.271334 
0.011722 
0.287773 
0.762736 
0.092167 
0.199421 
1.025494 
0.336286 
0.802709 
0.032713 
0.280637 
1.214942 
0.106761 
0.255138 
0.147099 
0.480366 
0.280007 
0.885183 
0.150302 
0.436400 
0.225678 
1.182841 
0.036592 
0.030085 
0.293062 
0.133554 
0.644370 
0.586692 
0.165235 
0.628271 
0.059945 
1.076464 
1.802474 
0.018892 
0.098506 
0.272273 
0.091991 
0.269955 
0.983759 
0.196637 
1.113846 
0.452053 
0.772238 
2.193885 
0.061362 
0.038473 
0.643489 
0.370994 
0.038116 
0.475287 
0.734580 
0.252572 
0.205625 
1.770951 
0.177878 
0.165355 
0.502663 
1.126443 
0.538755 
0.102252 
0.270338 
0.227771 
0.477836 
0.831074 
0.104178 
0.046989 
0.393753 
0.096703 
0.413360 
0.136581 
0.242766 
0.328782 
0.050100 
0.295156 
0.195991 
0.129149 
0.943645 
0.022242 
0.145821 
0.432099 
0.622188 
0.409344 
1.538979 
2.060907 
0.320715 
0.303532 
0.025700 
0.021850 
0.510548 
0.065300 
0.600672 
0.487695 
0.003137 
0.065074 
0.020038 
0.128615 
1.892952 
0.565240 
0.242144 
0.469461 
0.506542 
0.268492 
0.091571 
0.515566 
0.420491 
0.224452 
0.511236 
0.290566 
0.277998 
0.098684 
0.188973 
0.628181 
0.146781 
0.542877 
0.086868 
0.257438 
0.407360 
0.326231 
0.394233 
0.372749 
0.064401 
0.089015 
1.415072 
0.187927 
0.436613 
0.219154 
0.220919 
0.418590 
0.694463 
0.175094 
0.391541 
0.162714 
0.564060 
0.419290 
1.336900 
0.339893 
0.319791 
0.046427 
0.201935 
0.285878 
1.079644 
0.216901 
0.240518 
1.010707 
0.472229 
1.260747 
0.662395 
0.620829 
0.233934 
0.089978 
0.004060 
1.223305 
0.668537 
0.152553 
0.329441 
0.415707 
0.571643 
0.285912 
0.390110 
0.153702 
1.252195 
0.290589 
1.020488 
0.675346 
1.691358 
0.190394 
0.253973 
0.627838 
1.702930 
0.233356 
3.073300 
0.010317 
0.149172 
0.283829 
1.308599 
1.734690 
0.589106 
0.198011 
0.012958 
1.727119 
0.615325 
0.500535 
0.540348 
0.247217 
0.081001 
0.551520 
0.273737 
0.578162 
0.909798 
0.664060 
0.416875 
0.699451 
1.105094 
0.469733 
0.119638 
0.407112 
0.782988 
0.166751 
0.172502 
2.447476 
0.119048 
1.616565 
0.133759 
0.002104 
0.435825 
0.173908 
0.274781 
1.527752 
0.261904 
1.062174 
0.240198 
0.132569 
0.211632 
0.001899 
0.646907 
0.074894 
0.008843 
0.490056 
0.967979 
2.076020 
0.442869 
0.489782 
0.256637 
0.313792 
0.040036 
0.176019 
0.271305 
0.167464 
0.286996 
0.046884 
0.203388 
0.004554 
0.229274 
0.455212 
0.511546 
0.108698 
1.108686 
0.817181 
0.209219 
0.699665 
0.551265 
0.429244 
0.080928 
0.414165 
0.036506 
0.255097 
0.277696 
0.210860 
0.000726 
0.238070 
1.071062 
0.734589 
0.313146 
0.322275 
0.011125 
0.907629 
1.096060 
3.916390 
0.204483 
0.329190 
0.104151 
0.219657 
0.142641 
0.297430 
0.451630 
0.015371 
0.838055 
0.257570 
0.125005 
0.909142 
0.085415 
0.180821 
0.241459 
0.264008 
0.565298 
0.009056 
0.552824 
1.415915 
2.080963 
0.104496 
0.716649 
0.097102 
0.458008 
0.216012 
0.003303 
0.536246 
0.255289 
0.178322 
0.663235 
0.120290 
0.833356 
0.616722 
0.200389 
0.606555 
0.706136 
2.557477 
0.027173 
0.002277 
0.215025 
0.284915 
0.467231 
0.152709 
0.208351 
0.385214 
0.310919 
0.237947 
0.187194 
0.533084 
1.302033 
0.691766 
0.488078 
0.969832 
1.582329 
0.153184 
0.055609 
0.018137 
0.685623 
0.392468 
0.354296 
0.169864 
0.013125 
0.285920 
0.590189 
0.369502 
0.080305 
0.697609 
0.435543 
0.199910 
1.163326 
0.154996 
0.942087 
0.052329 
0.044005 
1.523324 
0.227714 
0.245497 
0.852422 
0.324682 
0.257486 
0.382851 
0.492607 
1.453440 
0.416518 
0.378179 
0.144164 
1.090365 
0.342936 
0.071320 
0.123886 
0.350805 
0.191433 
