2.218958 2.218958 
2.032697 2.032697 
1.541298 1.541298 
2.591380 2.591380 
1.315969 1.315969 
1.484301 1.484301 
2.647618 2.647618 
2.508258 2.508258 
2.300040 2.300040 
2.780147 2.780147 
1.938858 1.938858 
2.388818 2.388818 
2.866380 2.866380 
1.242243 1.242243 
2.373653 2.373653 
1.984996 1.984996 
1.834703 1.834703 
1.861050 1.861050 
2.667960 2.667960 
2.396876 2.396876 
2.289866 2.289866 
1.779865 1.779865 
2.185685 2.185685 
2.807058 2.807058 
2.222483 2.222483 
1.279189 1.279189 
1.329310 1.329310 
1.715040 1.715040 
2.669558 2.669558 
1.261107 1.261107 
1.430515 1.430515 
2.671587 2.671587 
1.355104 1.355104 
1.233661 1.233661 
2.140805 2.140805 
2.513109 2.513109 
1.830773 1.830773 
1.795224 1.795224 
2.322133 2.322133 
2.096038 2.096038 
2.116476 2.116476 
1.618875 1.618875 
2.437528 2.437528 
1.531198 1.531198 
2.841015 2.841015 
2.936779 2.936779 
2.441716 2.441716 
1.918182 1.918182 
2.882699 2.882699 
1.524554 1.524554 
1.171749 1.171749 
1.579729 1.579729 
2.509977 2.509977 
1.185651 1.185651 
1.237627 1.237627 
2.796098 2.796098 
2.022058 2.022058 
2.735730 2.735730 
1.412926 1.412926 
1.039441 1.039441 
1.889539 1.889539 
1.487031 1.487031 
2.525418 2.525418 
2.708181 2.708181 
2.395028 2.395028 
1.232751 1.232751 
2.847704 2.847704 
1.361384 1.361384 
2.773769 2.773769 
2.731421 2.731421 
2.987830 2.987830 
2.453136 2.453136 
1.854269 1.854269 
2.691276 2.691276 
2.279917 2.279917 
2.566918 2.566918 
2.198920 2.198920 
1.254636 1.254636 
2.674787 2.674787 
1.149982 1.149982 
1.744629 1.744629 
1.982277 1.982277 
2.130585 2.130585 
2.747721 2.747721 
2.943437 2.943437 
2.337806 2.337806 
1.503406 1.503406 
1.738050 1.738050 
1.403146 1.403146 
2.672038 2.672038 
2.937917 2.937917 
1.565778 1.565778 
2.027947 2.027947 
1.707369 1.707369 
1.757986 1.757986 
2.476983 2.476983 
2.659042 2.659042 
2.522155 2.522155 
1.857307 1.857307 
1.753389 1.753389 
1.215270 1.215270 
1.035080 1.035080 
2.590019 2.590019 
2.446738 2.446738 
2.333729 2.333729 
2.989538 2.989538 
1.161338 1.161338 
2.613168 2.613168 
1.510409 1.510409 
1.438003 1.438003 
2.518180 2.518180 
1.047584 1.047584 
2.740806 2.740806 
2.726408 2.726408 
2.739782 2.739782 
1.518038 1.518038 
1.660557 1.660557 
2.978517 2.978517 
1.928333 1.928333 
1.500100 1.500100 
2.186058 2.186058 
1.080300 1.080300 
2.599596 2.599596 
1.411237 1.411237 
2.655094 2.655094 
2.164311 2.164311 
1.573532 1.573532 
2.345182 2.345182 
1.467460 1.467460 
1.594060 1.594060 
1.364926 1.364926 
2.306314 2.306314 
2.225587 2.225587 
1.448389 1.448389 
1.074013 1.074013 
2.944034 2.944034 
2.375171 2.375171 
1.505847 1.505847 
2.777104 2.777104 
2.787133 2.787133 
1.345792 1.345792 
2.729066 2.729066 
1.417206 1.417206 
2.978175 2.978175 
2.191542 2.191542 
1.249134 1.249134 
2.194652 2.194652 
1.507868 1.507868 
2.731651 2.731651 
2.849971 2.849971 
1.457723 1.457723 
1.949437 1.949437 
2.191108 2.191108 
1.952704 1.952704 
1.093276 1.093276 
2.693005 2.693005 
1.341292 1.341292 
1.100043 1.100043 
2.417367 2.417367 
2.679963 2.679963 
2.140593 2.140593 
2.940654 2.940654 
1.565874 1.565874 
1.637346 1.637346 
2.875035 2.875035 
2.713535 2.713535 
2.385126 2.385126 
2.812209 2.812209 
2.798907 2.798907 
1.232393 1.232393 
2.822527 2.822527 
2.206002 2.206002 
2.275383 2.275383 
2.370014 2.370014 
2.817178 2.817178 
2.308944 2.308944 
2.417150 2.417150 
1.042642 1.042642 
1.690506 1.690506 
2.334398 2.334398 
2.227030 2.227030 
1.694356 1.694356 
1.036887 1.036887 
2.953248 2.953248 
1.238608 1.238608 
1.281437 1.281437 
1.114270 1.114270 
1.528271 1.528271 
1.656855 1.656855 
2.756752 2.756752 
2.734804 2.734804 
1.848515 1.848515 
1.998754 1.998754 
1.054124 1.054124 
2.655463 2.655463 
2.363672 2.363672 
2.233925 2.233925 
1.572706 1.572706 
2.468669 2.468669 
2.918452 2.918452 
2.425249 2.425249 
1.161361 1.161361 
2.992919 2.992919 
1.986962 1.986962 
2.869495 2.869495 
1.603032 1.603032 
2.163409 2.163409 
2.407077 2.407077 
1.737942 1.737942 
1.599121 1.599121 
2.422658 2.422658 
1.614816 1.614816 
2.217008 2.217008 
1.253859 1.253859 
1.611137 1.611137 
2.378720 2.378720 
1.148870 1.148870 
1.058687 1.058687 
1.357889 1.357889 
2.034222 2.034222 
1.172094 1.172094 
1.376627 1.376627 
2.971156 2.971156 
2.218026 2.218026 
2.362255 2.362255 
2.426657 2.426657 
2.829006 2.829006 
1.102479 1.102479 
1.372569 1.372569 
2.768089 2.768089 
1.269955 1.269955 
2.129950 2.129950 
2.074510 2.074510 
2.284940 2.284940 
2.983593 2.983593 
1.247200 1.247200 
1.698439 1.698439 
1.670310 1.670310 
2.901210 2.901210 
2.639762 2.639762 
2.474232 2.474232 
2.410757 2.410757 
1.586420 1.586420 
2.966310 2.966310 
2.771897 2.771897 
1.270669 1.270669 
2.125786 2.125786 
2.093041 2.093041 
1.742207 1.742207 
1.276642 1.276642 
2.519446 2.519446 
2.328045 2.328045 
1.457321 1.457321 
1.201855 1.201855 
1.571735 1.571735 
2.155682 2.155682 
2.551410 2.551410 
1.550442 1.550442 
2.281815 2.281815 
2.470956 2.470956 
1.361281 1.361281 
1.041871 1.041871 
2.734296 2.734296 
1.313891 1.313891 
2.567002 2.567002 
1.595317 1.595317 
2.489862 2.489862 
1.103905 1.103905 
1.332529 1.332529 
1.814034 1.814034 
2.475895 2.475895 
2.374186 2.374186 
2.946330 2.946330 
2.969737 2.969737 
2.377105 2.377105 
2.006067 2.006067 
1.962009 1.962009 
1.486971 1.486971 
1.526148 1.526148 
1.963399 1.963399 
2.838932 2.838932 
1.927488 1.927488 
1.294254 1.294254 
2.526928 2.526928 
2.082851 2.082851 
2.474623 2.474623 
2.981855 2.981855 
2.028672 2.028672 
1.886530 1.886530 
2.917666 2.917666 
1.209204 1.209204 
1.086290 1.086290 
1.270372 1.270372 
1.136241 1.136241 
2.807005 2.807005 
1.337462 1.337462 
2.723037 2.723037 
2.084679 2.084679 
1.207037 1.207037 
2.674263 2.674263 
2.342076 2.342076 
1.276393 1.276393 
2.332777 2.332777 
2.977538 2.977538 
1.474550 1.474550 
2.768251 2.768251 
1.990025 1.990025 
2.351274 2.351274 
1.857657 1.857657 
1.644955 1.644955 
2.757533 2.757533 
1.856980 1.856980 
2.259356 2.259356 
1.003414 1.003414 
2.377625 2.377625 
2.748058 2.748058 
2.618994 2.618994 
1.437118 1.437118 
1.646826 1.646826 
2.204182 2.204182 
1.687929 1.687929 
1.020516 1.020516 
1.806483 1.806483 
1.565667 1.565667 
2.170155 2.170155 
1.793386 1.793386 
1.433395 1.433395 
1.067850 1.067850 
1.362929 1.362929 
2.745215 2.745215 
2.830432 2.830432 
1.075462 1.075462 
1.297394 1.297394 
1.299573 1.299573 
1.917166 1.917166 
1.817004 1.817004 
2.379205 2.379205 
1.298484 1.298484 
1.620493 1.620493 
1.619119 1.619119 
2.529154 2.529154 
1.486807 1.486807 
2.765255 2.765255 
1.640972 1.640972 
1.823793 1.823793 
2.496606 2.496606 
2.464872 2.464872 
1.108624 1.108624 
2.636064 2.636064 
2.331529 2.331529 
2.011962 2.011962 
1.049401 1.049401 
1.275918 1.275918 
2.351179 2.351179 
2.268967 2.268967 
2.526277 2.526277 
1.130943 1.130943 
1.755492 1.755492 
2.558777 2.558777 
1.372244 1.372244 
1.306989 1.306989 
2.569111 2.569111 
1.055359 1.055359 
1.424690 1.424690 
2.768794 2.768794 
1.125762 1.125762 
2.674377 2.674377 
2.259772 2.259772 
1.980606 1.980606 
2.052625 2.052625 
2.463820 2.463820 
1.426789 1.426789 
2.046811 2.046811 
2.754715 2.754715 
2.494626 2.494626 
1.182564 1.182564 
1.352555 1.352555 
2.399253 2.399253 
2.251308 2.251308 
1.725811 1.725811 
1.704373 1.704373 
1.400043 1.400043 
2.522576 2.522576 
2.931515 2.931515 
1.970810 1.970810 
1.401844 1.401844 
2.791967 2.791967 
2.585305 2.585305 
1.223048 1.223048 
1.764749 1.764749 
2.128465 2.128465 
1.117830 1.117830 
1.375531 1.375531 
2.548556 2.548556 
1.577131 1.577131 
2.839134 2.839134 
1.326590 1.326590 
1.997147 1.997147 
2.049722 2.049722 
1.673029 1.673029 
2.599067 2.599067 
2.522860 2.522860 
1.715320 1.715320 
1.391473 1.391473 
2.480942 2.480942 
1.190866 1.190866 
2.890959 2.890959 
2.348942 2.348942 
2.665955 2.665955 
2.703542 2.703542 
2.432244 2.432244 
2.716808 2.716808 
1.394234 1.394234 
2.884847 2.884847 
1.623979 1.623979 
2.217712 2.217712 
1.092918 1.092918 
2.664697 2.664697 
1.570795 1.570795 
2.359940 2.359940 
1.516782 1.516782 
2.563342 2.563342 
2.087771 2.087771 
1.171797 1.171797 
2.388866 2.388866 
1.675736 1.675736 
2.091059 2.091059 
2.435982 2.435982 
1.541093 1.541093 
1.155916 1.155916 
1.488512 1.488512 
1.423964 1.423964 
2.554900 2.554900 
2.201379 2.201379 
2.570306 2.570306 
1.130357 1.130357 
1.901859 1.901859 
2.537449 2.537449 
2.899566 2.899566 
1.007294 1.007294 
1.584304 1.584304 
1.401660 1.401660 
1.702993 1.702993 
2.198803 2.198803 
1.275958 1.275958 
1.028129 1.028129 
1.761485 1.761485 
1.275181 1.275181 
1.962553 1.962553 
2.631927 2.631927 
2.800766 2.800766 
2.467370 2.467370 
1.082459 1.082459 
2.893460 2.893460 
2.382008 2.382008 
2.401331 2.401331 
1.167308 1.167308 
2.942839 2.942839 
2.292457 2.292457 
1.332420 1.332420 
1.982617 1.982617 
1.844258 1.844258 
2.436061 2.436061 
2.879763 2.879763 
2.168417 2.168417 
2.580367 2.580367 
2.224089 2.224089 
2.260628 2.260628 
2.379874 2.379874 
2.536649 2.536649 
1.465760 1.465760 
1.024807 1.024807 
1.927916 1.927916 
2.485795 2.485795 
2.758868 2.758868 
2.288982 2.288982 
2.919859 2.919859 
2.072076 2.072076 
1.380405 1.380405 
2.471107 2.471107 
1.900029 1.900029 
1.795721 1.795721 
2.677190 2.677190 
1.524781 1.524781 
2.990391 2.990391 
1.497290 1.497290 
2.956487 2.956487 
1.673620 1.673620 
2.531168 2.531168 
1.342053 1.342053 
1.876637 1.876637 
2.645637 2.645637 
1.221473 1.221473 
1.304358 1.304358 
2.337681 2.337681 
1.407613 1.407613 
1.759931 1.759931 
1.152012 1.152012 
1.871982 1.871982 
2.399476 2.399476 
1.985300 1.985300 
2.930656 2.930656 
1.534853 1.534853 
2.268669 2.268669 
1.517103 1.517103 
1.948134 1.948134 
2.295181 2.295181 
1.104534 1.104534 
1.896249 1.896249 
2.258876 2.258876 
2.926053 2.926053 
2.172680 2.172680 
2.225659 2.225659 
2.648265 2.648265 
1.395380 1.395380 
2.149361 2.149361 
2.310889 2.310889 
1.117020 1.117020 
1.756521 1.756521 
1.855852 1.855852 
1.300760 1.300760 
1.865564 1.865564 
2.538912 2.538912 
1.492820 1.492820 
1.827975 1.827975 
2.778404 2.778404 
2.638685 2.638685 
2.374704 2.374704 
1.649754 1.649754 
1.408503 1.408503 
2.709298 2.709298 
1.164086 1.164086 
2.788449 2.788449 
1.461656 1.461656 
2.052157 2.052157 
2.606067 2.606067 
2.172177 2.172177 
1.780866 1.780866 
1.007245 1.007245 
2.762645 2.762645 
1.775441 1.775441 
1.830716 1.830716 
2.843741 2.843741 
2.747085 2.747085 
2.259754 2.259754 
1.681749 1.681749 
1.150649 1.150649 
2.958298 2.958298 
2.114268 2.114268 
2.494837 2.494837 
2.727424 2.727424 
1.815214 1.815214 
2.296395 2.296395 
1.505562 1.505562 
1.974593 1.974593 
2.991157 2.991157 
2.372435 2.372435 
1.508585 1.508585 
2.784384 2.784384 
1.148221 1.148221 
2.158198 2.158198 
2.842026 2.842026 
1.931348 1.931348 
2.171646 2.171646 
2.859634 2.859634 
1.871837 1.871837 
1.962986 1.962986 
1.904190 1.904190 
1.713451 1.713451 
1.976176 1.976176 
1.590372 1.590372 
1.380504 1.380504 
2.127746 2.127746 
1.029784 1.029784 
1.578780 1.578780 
2.561511 2.561511 
1.322627 1.322627 
1.388358 1.388358 
2.138310 2.138310 
2.568779 2.568779 
1.470838 1.470838 
2.372929 2.372929 
1.814507 1.814507 
2.418893 2.418893 
2.338386 2.338386 
1.254232 1.254232 
1.878994 1.878994 
2.257835 2.257835 
1.425164 1.425164 
2.737087 2.737087 
2.220093 2.220093 
1.095353 1.095353 
1.605578 1.605578 
2.944769 2.944769 
2.733447 2.733447 
1.039345 1.039345 
2.269168 2.269168 
1.903386 1.903386 
2.212651 2.212651 
2.030223 2.030223 
1.961238 1.961238 
2.526253 2.526253 
2.739875 2.739875 
1.075297 1.075297 
2.523478 2.523478 
2.098267 2.098267 
1.576485 1.576485 
1.983146 1.983146 
2.734590 2.734590 
2.260282 2.260282 
2.553674 2.553674 
1.597992 1.597992 
1.450913 1.450913 
1.493483 1.493483 
2.963083 2.963083 
2.534078 2.534078 
2.247046 2.247046 
2.103763 2.103763 
1.947427 1.947427 
2.410041 2.410041 
1.556477 1.556477 
1.706098 1.706098 
2.391122 2.391122 
1.583287 1.583287 
2.312204 2.312204 
1.208920 1.208920 
2.310905 2.310905 
1.384369 1.384369 
1.087362 1.087362 
1.298491 1.298491 
1.746466 1.746466 
2.851356 2.851356 
2.735850 2.735850 
1.423285 1.423285 
1.151066 1.151066 
1.964213 1.964213 
2.532949 2.532949 
1.278353 1.278353 
1.282167 1.282167 
1.379176 1.379176 
1.815957 1.815957 
2.789706 2.789706 
2.592055 2.592055 
2.663124 2.663124 
1.124805 1.124805 
2.598686 2.598686 
2.118464 2.118464 
1.027955 1.027955 
2.842687 2.842687 
1.046342 1.046342 
1.875205 1.875205 
2.564963 2.564963 
1.336685 1.336685 
1.657806 1.657806 
2.742785 2.742785 
1.979211 1.979211 
2.598389 2.598389 
1.126665 1.126665 
1.859036 1.859036 
2.823906 2.823906 
1.384530 1.384530 
1.799340 1.799340 
1.509742 1.509742 
2.234775 2.234775 
1.857599 1.857599 
2.659459 2.659459 
1.519258 1.519258 
2.164439 2.164439 
1.726472 1.726472 
2.812229 2.812229 
1.141139 1.141139 
1.116790 1.116790 
1.887039 1.887039 
1.468819 1.468819 
2.448764 2.448764 
2.381363 2.381363 
1.562827 1.562827 
2.430727 2.430727 
1.225963 1.225963 
2.767713 2.767713 
2.945622 2.945622 
1.074157 1.074157 
1.357639 1.357639 
1.839789 1.839789 
1.336100 1.336100 
1.834398 1.834398 
2.720393 2.720393 
1.650311 1.650311 
2.784446 2.784446 
2.190193 2.190193 
2.573153 2.573153 
2.975143 2.975143 
1.230984 1.230984 
1.148120 1.148120 
2.447792 2.447792 
2.047667 2.047667 
1.146798 1.146798 
2.226961 2.226961 
2.539763 2.539763 
1.793162 1.793162 
1.674358 1.674358 
2.942084 2.942084 
1.598713 1.598713 
1.563174 1.563174 
2.268150 2.268150 
2.789809 2.789809 
2.319115 2.319115 
1.369896 1.369896 
1.835291 1.835291 
1.731792 1.731792 
2.230893 2.230893 
2.620538 2.620538 
1.376163 1.376163 
1.179395 1.179395 
2.090043 2.090043 
1.351706 1.351706 
2.125036 2.125036 
1.478061 1.478061 
1.769261 1.769261 
1.963776 1.963776 
1.190688 1.190688 
1.891691 1.891691 
1.648566 1.648566 
1.455268 1.455268 
2.697036 2.697036 
1.087018 1.087018 
1.505930 1.505930 
2.157222 2.157222 
2.423759 2.423759 
2.117981 2.117981 
2.907894 2.907894 
2.967570 2.967570 
1.946922 1.946922 
1.910103 1.910103 
1.100201 1.100201 
1.085517 1.085517 
2.279600 2.279600 
1.244862 1.244862 
2.398420 2.398420 
2.245910 2.245910 
1.012509 1.012509 
1.244070 1.244070 
1.078566 1.078566 
1.453618 1.453618 
2.954623 2.954623 
2.354243 2.354243 
1.767729 1.767729 
2.217902 2.217902 
2.273804 2.273804 
1.830983 1.830983 
1.334699 1.334699 
2.286793 2.286793 
2.137426 2.137426 
1.723346 1.723346 
2.280590 2.280590 
1.881469 1.881469 
1.852999 1.852999 
1.358222 1.358222 
1.629466 1.629466 
2.430625 2.430625 
1.508795 1.508795 
2.324705 2.324705 
1.318963 1.318963 
1.804850 1.804850 
2.114474 2.114474 
1.958475 1.958475 
2.090918 2.090918 
2.051005 2.051005 
1.241704 1.241704 
1.326167 1.326167 
2.881991 2.881991 
1.626594 1.626594 
2.164795 2.164795 
1.709747 1.709747 
1.714294 1.714294 
2.134141 2.134141 
2.501314 2.501314 
1.590890 1.590890 
2.086009 2.086009 
1.555563 1.555563 
2.352718 2.352718 
2.135352 2.135352 
2.862021 2.862021 
1.986550 1.986550 
1.944974 1.944974 
1.177347 1.177347 
1.664537 1.664537 
1.870933 1.870933 
2.769186 2.769186 
1.703919 1.703919 
1.763714 1.763714 
2.735064 2.735064 
2.222219 2.222219 
2.839321 2.839321 
2.468282 2.468282 
2.422190 2.422190 
1.747327 1.747327 
1.329388 1.329388 
1.016173 1.016173 
2.826827 2.826827 
2.474774 2.474774 
1.525910 1.525910 
1.965141 1.965141 
2.129134 2.129134 
2.362460 2.362460 
1.871011 1.871011 
2.083390 2.083390 
1.529294 1.529294 
2.836549 2.836549 
1.881522 1.881522 
2.740196 2.740196 
2.481879 2.481879 
2.932090 2.932090 
1.633355 1.633355 
1.796539 1.796539 
2.430233 2.430233 
2.933643 2.933643 
1.745879 1.745879 
2.995719 2.995719 
1.040847 1.040847 
1.515908 1.515908 
1.866297 1.866297 
2.853986 2.853986 
2.937727 2.937727 
2.384343 2.384343 
1.654016 1.654016 
1.051165 1.051165 
2.936777 2.936777 
2.415795 2.415795 
2.265028 2.265028 
2.321282 2.321282 
1.780169 1.780169 
1.299122 1.299122 
2.336279 2.336279 
1.843183 1.843183 
2.370719 2.370719 
2.675818 2.675818 
2.470050 2.470050 
2.131166 2.131166 
2.506264 2.506264 
2.780640 2.780640 
2.218327 2.218327 
1.425603 1.425603 
2.114035 2.114035 
2.582232 2.582232 
1.567179 1.567179 
1.583565 1.583565 
2.985031 2.985031 
1.423747 1.423747 
2.921132 2.921132 
1.469448 1.469448 
1.008399 1.008399 
2.163479 2.163479 
1.587544 1.587544 
1.845594 1.845594 
2.905802 2.905802 
1.815479 1.815479 
2.760978 2.760978 
1.762924 1.762924 
1.465799 1.465799 
1.690189 1.690189 
1.007583 1.007583 
2.451555 2.451555 
1.278219 1.278219 
1.035060 1.035060 
2.249462 2.249462 
2.711428 2.711428 
2.968535 2.968535 
2.175180 2.175180 
2.249051 2.249051 
1.802935 1.802935 
1.932240 1.932240 
1.153900 1.153900 
1.593493 1.593493 
1.837542 1.837542 
1.569220 1.569220 
1.873456 1.873456 
1.179013 1.179013 
1.668413 1.668413 
1.018131 1.018131 
1.735598 1.735598 
2.195292 2.195292 
2.281037 2.281037 
1.390777 1.390777 
2.782210 2.782210 
2.609846 2.609846 
1.683852 1.683852 
2.506476 2.506476 
2.335941 2.335941 
2.152395 2.152395 
1.298871 1.298871 
2.126444 2.126444 
1.140822 1.140822 
1.799242 1.799242 
1.852305 1.852305 
1.688166 1.688166 
1.002901 1.002901 
1.757647 1.757647 
2.765189 2.765189 
2.539771 2.539771 
1.930859 1.930859 
1.950202 1.950202 
1.044010 1.044010 
2.674408 2.674408 
2.776641 2.776641 
2.999207 2.999207 
1.671325 1.671325 
1.964620 1.964620 
1.376076 1.376076 
1.711043 1.711043 
1.496394 1.496394 
1.896721 1.896721 
2.189508 2.189508 
1.060548 1.060548 
2.625799 2.625799 
1.805167 1.805167 
1.442415 1.442415 
2.675392 2.675392 
1.314072 1.314072 
1.606936 1.606936 
1.766039 1.766039 
1.820453 1.820453 
2.354319 2.354319 
1.035898 1.035898 
2.338007 2.338007 
2.882190 2.882190 
2.968845 2.968845 
1.377195 1.377195 
2.522958 2.522958 
1.353020 1.353020 
2.199780 2.199780 
1.701613 1.701613 
1.013168 1.013168 
2.315690 2.315690 
1.799703 1.799703 
1.599957 1.599957 
2.469175 2.469175 
1.427656 1.427656 
2.622266 2.622266 
2.417425 2.417425 
1.660404 1.660404 
2.405457 2.405457 
2.512821 2.512821 
2.987987 2.987987 
1.105790 1.105790 
1.009085 1.009085 
1.699046 1.699046 
1.868758 1.868758 
2.214406 2.214406 
1.526369 1.526369 
1.681566 1.681566 
2.074369 2.074369 
1.926088 1.926088 
1.757341 1.757341 
1.624580 1.624580 
2.311350 2.311350 
2.852056 2.852056 
2.498616 2.498616 
2.246487 2.246487 
2.712496 2.712496 
2.915543 2.915543 
1.527769 1.527769 
1.210512 1.210512 
1.071250 1.071250 
2.492419 2.492419 
2.087702 2.087702 
2.015326 2.015326 
1.576073 1.576073 
1.051816 1.051816 
1.871029 1.871029 
2.385675 2.385675 
2.044820 2.044820 
1.296752 1.296752 
2.504442 2.504442 
2.163007 2.163007 
1.659119 1.659119 
2.804756 2.804756 
1.533093 1.533093 
2.696091 2.696091 
1.198737 1.198737 
1.168496 1.168496 
2.904964 2.904964 
1.731646 1.731646 
1.775965 1.775965 
2.636399 2.636399 
1.955245 1.955245 
1.804966 1.804966 
2.069986 2.069986 
2.253281 2.253281 
2.890708 2.890708 
2.130544 2.130544 
2.061254 2.061254 
1.500968 1.500968 
2.774082 2.774082 
1.992697 1.992697 
1.265868 1.265868 
1.438925 1.438925 
2.008427 2.008427 
1.636191 1.636191 
