0.000000 0.000000 
0.020000 0.000382 
0.040000 0.001551 
0.060000 0.003528 
0.080000 0.006314 
0.100000 0.009896 
0.120000 0.014203 
0.140000 0.019326 
0.160000 0.025218 
0.180000 0.031926 
0.200000 0.039288 
0.220000 0.047636 
0.240000 0.056516 
0.260000 0.066224 
0.280000 0.076296 
0.300000 0.087804 
0.320000 0.099422 
0.340000 0.112174 
0.360000 0.125305 
0.380000 0.139090 
0.400000 0.153371 
0.420000 0.168323 
0.440000 0.184299 
0.460000 0.200337 
0.480000 0.217804 
0.500000 0.235242 
0.520000 0.253419 
0.540000 0.271469 
0.560000 0.291079 
0.580000 0.310496 
0.600000 0.329448 
0.620000 0.350059 
0.640000 0.371788 
0.660000 0.394597 
0.680000 0.412414 
0.700000 0.435871 
0.720000 0.460368 
0.740000 0.482227 
0.760000 0.503870 
0.780000 0.529443 
0.800000 0.553196 
0.820000 0.576590 
0.840000 0.599782 
0.860000 0.625811 
0.880000 0.652025 
0.900000 0.675674 
0.920000 0.703255 
0.940000 0.728495 
0.960000 0.751801 
0.980000 0.777856 
1.000000 0.806490 
1.020000 0.835306 
1.040000 0.859598 
1.060000 0.887176 
1.080000 0.911499 
1.100000 0.939994 
1.120000 0.966781 
1.140000 0.994260 
1.160000 1.020933 
1.180000 1.048583 
1.200000 1.077537 
1.220000 1.104466 
1.240000 1.128387 
1.260000 1.158790 
1.280000 1.187308 
1.300000 1.213405 
1.320000 1.236464 
1.340000 1.269560 
1.360000 1.296943 
1.380000 1.322746 
1.400000 1.354669 
1.420000 1.381129 
1.440000 1.407661 
1.460000 1.437432 
1.480000 1.464719 
1.500000 1.491444 
1.520000 1.522120 
1.540000 1.550604 
1.560000 1.575147 
1.580000 1.604058 
1.600000 1.631494 
1.620000 1.663626 
1.640000 1.691434 
1.660000 1.718927 
1.680000 1.745604 
1.700000 1.774283 
1.720000 1.807738 
1.740000 1.831242 
1.760000 1.861537 
1.780000 1.885822 
1.800000 1.914226 
1.820000 1.943646 
1.840000 1.969011 
1.860000 2.003892 
1.880000 2.030112 
1.900000 2.059182 
1.920000 2.084885 
1.940000 2.115071 
1.960000 2.143267 
1.980000 2.172328 
