0.100000 0.010000 
0.200000 0.020100 
0.300000 0.030300 
0.400000 0.040602 
0.500000 0.051006 
0.600000 0.061514 
0.700000 0.072127 
0.800000 0.082845 
0.900000 0.093670 
1.000000 0.104603 
1.100000 0.115644 
1.200000 0.126796 
1.300000 0.138058 
1.400000 0.149433 
1.500000 0.160921 
1.600000 0.172523 
1.700000 0.184241 
1.800000 0.196076 
1.900000 0.208028 
2.000000 0.220099 
2.100000 0.232290 
2.200000 0.244603 
2.300000 0.257038 
2.400000 0.269597 
2.500000 0.282280 
2.600000 0.295090 
2.700000 0.308028 
2.800000 0.321094 
2.900000 0.334290 
3.000000 0.347618 
3.100000 0.361077 
3.200000 0.374671 
3.300000 0.388400 
3.400000 0.402266 
3.500000 0.416269 
3.600000 0.430412 
3.700000 0.444695 
3.800000 0.459121 
3.900000 0.473689 
4.000000 0.488403 
4.100000 0.503263 
4.200000 0.518270 
4.300000 0.533427 
4.400000 0.548734 
4.500000 0.564194 
4.600000 0.579807 
4.700000 0.595575 
4.800000 0.611500 
4.900000 0.627584 
5.000000 0.643827 
5.100000 0.660231 
5.200000 0.676799 
5.300000 0.693531 
5.400000 0.710429 
5.500000 0.727495 
5.600000 0.744730 
5.700000 0.762137 
5.800000 0.779716 
5.900000 0.797470 
6.000000 0.815401 
6.100000 0.833509 
6.200000 0.851797 
6.300000 0.870267 
6.400000 0.888920 
6.500000 0.907758 
6.600000 0.926783 
6.700000 0.945997 
6.800000 0.965402 
6.900000 0.984999 
7.000000 1.004790 
7.100000 1.024778 
7.200000 1.044964 
7.300000 1.065351 
7.400000 1.085939 
7.500000 1.106732 
7.600000 1.127731 
7.700000 1.148938 
7.800000 1.170355 
7.900000 1.191985 
8.000000 1.213829 
8.100000 1.235890 
8.200000 1.258170 
8.300000 1.280670 
8.400000 1.303393 
8.500000 1.326341 
8.600000 1.349517 
8.700000 1.372922 
8.800000 1.396560 
8.900000 1.420431 
9.000000 1.444539 
9.100000 1.468885 
9.200000 1.493473 
9.300000 1.518304 
9.400000 1.543381 
9.500000 1.568706 
9.600000 1.594281 
9.700000 1.620110 
9.800000 1.646195 
9.900000 1.672538 
10.000000 1.699141 
10.100000 1.726007 
10.200000 1.753140 
10.300000 1.780540 
10.400000 1.808212 
10.500000 1.836157 
10.600000 1.864379 
10.700000 1.892879 
10.800000 1.921662 
10.900000 1.950729 
11.000000 1.980083 
11.100000 2.009727 
11.200000 2.039664 
11.300000 2.069897 
11.400000 2.100429 
11.500000 2.131262 
11.600000 2.162400 
11.700000 2.193845 
11.800000 2.225601 
11.900000 2.257670 
12.000000 2.290056 
12.100000 2.322761 
12.200000 2.355789 
12.300000 2.389143 
12.400000 2.422826 
12.500000 2.456842 
12.600000 2.491193 
12.700000 2.525882 
12.800000 2.560914 
12.900000 2.596291 
13.000000 2.632017 
13.100000 2.668095 
13.200000 2.704529 
13.300000 2.741322 
13.400000 2.778477 
13.500000 2.815998 
13.600000 2.853889 
13.700000 2.892152 
13.800000 2.930793 
13.900000 2.969814 
14.000000 3.009219 
14.100000 3.049012 
14.200000 3.089196 
14.300000 3.129776 
14.400000 3.170755 
14.500000 3.212137 
14.600000 3.253926 
14.700000 3.296126 
14.800000 3.338741 
14.900000 3.381775 
15.000000 3.425231 
15.100000 3.469115 
15.200000 3.513429 
15.300000 3.558179 
15.400000 3.603368 
15.500000 3.649001 
15.600000 3.695082 
15.700000 3.741616 
15.800000 3.788605 
15.900000 3.836056 
16.000000 3.883973 
16.100000 3.932359 
16.200000 3.981220 
16.300000 4.030559 
16.400000 4.080383 
16.500000 4.130694 
16.600000 4.181499 
16.700000 4.232801 
16.800000 4.284606 
16.900000 4.336918 
17.000000 4.389742 
17.100000 4.443083 
17.200000 4.496946 
17.300000 4.551336 
17.400000 4.606258 
17.500000 4.661717 
17.600000 4.717718 
17.700000 4.774267 
17.800000 4.831369 
17.900000 4.889028 
18.000000 4.947250 
18.100000 5.006041 
18.200000 5.065406 
18.300000 5.125351 
18.400000 5.185880 
18.500000 5.247000 
18.600000 5.308717 
18.700000 5.371035 
18.800000 5.433960 
18.900000 5.497499 
19.000000 5.561657 
19.100000 5.626440 
19.200000 5.691854 
19.300000 5.757905 
19.400000 5.824599 
19.500000 5.891942 
19.600000 5.959940 
19.700000 6.028600 
19.800000 6.097927 
19.900000 6.167928 
20.000000 6.238609 
20.100000 6.309977 
20.200000 6.382038 
20.300000 6.454799 
20.400000 6.528266 
20.500000 6.602446 
20.600000 6.677345 
20.700000 6.752971 
20.800000 6.829330 
20.900000 6.906430 
21.000000 6.984276 
21.100000 7.062876 
21.200000 7.142238 
21.300000 7.222367 
21.400000 7.303272 
21.500000 7.384960 
21.600000 7.467438 
21.700000 7.550713 
21.800000 7.634793 
21.900000 7.719685 
22.000000 7.805397 
22.100000 7.891936 
22.200000 7.979311 
22.300000 8.067528 
22.400000 8.156596 
22.500000 8.246523 
22.600000 8.337317 
22.700000 8.428985 
22.800000 8.521536 
22.900000 8.614978 
23.000000 8.709319 
23.100000 8.804568 
23.200000 8.900732 
23.300000 8.997821 
23.400000 9.095842 
23.500000 9.194805 
23.600000 9.294718 
23.700000 9.395590 
23.800000 9.497429 
23.900000 9.600245 
24.000000 9.704046 
24.100000 9.808842 
24.200000 9.914641 
24.300000 10.021453 
24.400000 10.129287 
24.500000 10.238153 
24.600000 10.348059 
24.700000 10.459015 
24.800000 10.571031 
24.900000 10.684116 
25.000000 10.798281 
25.100000 10.913534 
25.200000 11.029886 
25.300000 11.147347 
25.400000 11.265927 
25.500000 11.385635 
25.600000 11.506483 
25.700000 11.628480 
25.800000 11.751636 
25.900000 11.875963 
26.000000 12.001470 
26.100000 12.128169 
26.200000 12.256069 
26.300000 12.385182 
26.400000 12.515519 
26.500000 12.647091 
26.600000 12.779907 
26.700000 12.913981 
26.800000 13.049322 
26.900000 13.185942 
27.000000 13.323853 
27.100000 13.463066 
27.200000 13.603592 
27.300000 13.745444 
27.400000 13.888632 
27.500000 14.033169 
27.600000 14.179067 
27.700000 14.326337 
27.800000 14.474991 
27.900000 14.625043 
28.000000 14.776503 
28.100000 14.929385 
28.200000 15.083701 
28.300000 15.239463 
28.400000 15.396684 
28.500000 15.555376 
28.600000 15.715554 
28.700000 15.877228 
28.800000 16.040413 
28.900000 16.205122 
29.000000 16.371367 
29.100000 16.539163 
29.200000 16.708521 
29.300000 16.879457 
29.400000 17.051982 
29.500000 17.226112 
29.600000 17.401860 
29.700000 17.579239 
29.800000 17.758264 
29.900000 17.938949 
30.000000 18.121307 
30.100000 18.305353 
30.200000 18.491102 
30.300000 18.678567 
30.400000 18.867764 
30.500000 19.058706 
30.600000 19.251409 
30.700000 19.445888 
30.800000 19.642157 
30.900000 19.840231 
31.000000 20.040126 
31.100000 20.241857 
31.200000 20.445439 
31.300000 20.650887 
31.400000 20.858217 
31.500000 21.067444 
31.600000 21.278585 
31.700000 21.491655 
31.800000 21.706670 
31.900000 21.923646 
32.000000 22.142599 
32.100000 22.363545 
32.200000 22.586500 
32.300000 22.811482 
32.400000 23.038506 
32.500000 23.267589 
32.600000 23.498748 
32.700000 23.732000 
32.800000 23.967361 
32.900000 24.204848 
33.000000 24.444479 
33.100000 24.686270 
33.200000 24.930239 
33.300000 25.176404 
33.400000 25.424781 
33.500000 25.675389 
33.600000 25.928245 
33.700000 26.183367 
33.800000 26.440772 
33.900000 26.700479 
34.000000 26.962505 
34.100000 27.226869 
34.200000 27.493590 
34.300000 27.762684 
34.400000 28.034172 
34.500000 28.308071 
34.600000 28.584399 
34.700000 28.863176 
34.800000 29.144421 
34.900000 29.428152 
35.000000 29.714388 
35.100000 30.003148 
35.200000 30.294452 
35.300000 30.588319 
35.400000 30.884767 
35.500000 31.183817 
35.600000 31.485488 
35.700000 31.789800 
35.800000 32.096772 
35.900000 32.406423 
36.000000 32.718775 
36.100000 33.033846 
36.200000 33.351656 
36.300000 33.672227 
36.400000 33.995578 
36.500000 34.321728 
36.600000 34.650699 
36.700000 34.982511 
36.800000 35.317185 
36.900000 35.654740 
37.000000 35.995198 
37.100000 36.338579 
37.200000 36.684903 
37.300000 37.034193 
37.400000 37.386468 
37.500000 37.741750 
37.600000 38.100059 
37.700000 38.461417 
37.800000 38.825845 
37.900000 39.193364 
38.000000 39.563995 
38.100000 39.937760 
38.200000 40.314680 
38.300000 40.694776 
38.400000 41.078071 
38.500000 41.464585 
38.600000 41.854339 
38.700000 42.247357 
38.800000 42.643659 
38.900000 43.043267 
39.000000 43.446203 
39.100000 43.852489 
39.200000 44.262146 
39.300000 44.675197 
39.400000 45.091663 
39.500000 45.511566 
39.600000 45.934929 
39.700000 46.361773 
39.800000 46.792121 
39.900000 47.225994 
40.000000 47.663414 
40.100000 48.104404 
40.200000 48.548986 
40.300000 48.997182 
40.400000 49.449013 
40.500000 49.904503 
40.600000 50.363674 
40.700000 50.826547 
40.800000 51.293144 
40.900000 51.763489 
41.000000 52.237602 
41.100000 52.715507 
41.200000 53.197226 
41.300000 53.682779 
41.400000 54.172191 
41.500000 54.665482 
41.600000 55.162676 
41.700000 55.663793 
41.800000 56.168856 
41.900000 56.677888 
42.000000 57.190909 
42.100000 57.707943 
42.200000 58.229010 
42.300000 58.754133 
42.400000 59.283334 
42.500000 59.816635 
42.600000 60.354056 
42.700000 60.895621 
42.800000 61.441350 
42.900000 61.991265 
43.000000 62.545388 
43.100000 63.103740 
43.200000 63.666342 
43.300000 64.233216 
43.400000 64.804382 
43.500000 65.379863 
43.600000 65.959679 
43.700000 66.543851 
43.800000 67.132399 
43.900000 67.725346 
44.000000 68.322710 
44.100000 68.924514 
44.200000 69.530777 
44.300000 70.141519 
44.400000 70.756762 
44.500000 71.376524 
44.600000 72.000827 
44.700000 72.629689 
44.800000 73.263131 
44.900000 73.901172 
45.000000 74.543831 
45.100000 75.191128 
45.200000 75.843083 
45.300000 76.499713 
45.400000 77.161038 
45.500000 77.827077 
45.600000 78.497847 
45.700000 79.173368 
45.800000 79.853658 
45.900000 80.538734 
46.000000 81.228614 
46.100000 81.923316 
46.200000 82.622857 
46.300000 83.327255 
46.400000 84.036527 
46.500000 84.750689 
46.600000 85.469758 
46.700000 86.193750 
46.800000 86.922682 
46.900000 87.656569 
47.000000 88.395427 
47.100000 89.139272 
47.200000 89.888119 
47.300000 90.641983 
47.400000 91.400879 
47.500000 92.164820 
47.600000 92.933823 
47.700000 93.707899 
47.800000 94.487064 
47.900000 95.271330 
48.000000 96.060711 
48.100000 96.855220 
48.200000 97.654869 
48.300000 98.459671 
48.400000 99.269637 
48.500000 100.084780 
48.600000 100.905110 
48.700000 101.730640 
48.800000 102.561379 
48.900000 103.397338 
49.000000 104.238528 
49.100000 105.084959 
49.200000 105.936639 
49.300000 106.793578 
49.400000 107.655786 
49.500000 108.523269 
49.600000 109.396038 
49.700000 110.274098 
49.800000 111.157459 
49.900000 112.046127 
50.000000 112.940109 
50.100000 113.839410 
50.200000 114.744038 
50.300000 115.653998 
50.400000 116.569295 
50.500000 117.489934 
50.600000 118.415919 
50.700000 119.347255 
50.800000 120.283946 
50.900000 121.225993 
51.000000 122.173402 
51.100000 123.126173 
51.200000 124.084309 
51.300000 125.047812 
51.400000 126.016683 
51.500000 126.990922 
51.600000 127.970531 
51.700000 128.955509 
51.800000 129.945856 
51.900000 130.941571 
52.000000 131.942652 
52.100000 132.949099 
52.200000 133.960907 
52.300000 134.978076 
52.400000 136.000601 
52.500000 137.028480 
52.600000 138.061708 
52.700000 139.100281 
52.800000 140.144194 
52.900000 141.193442 
53.000000 142.248018 
53.100000 143.307917 
53.200000 144.373131 
53.300000 145.443654 
53.400000 146.519477 
53.500000 147.600593 
53.600000 148.686993 
53.700000 149.778668 
53.800000 150.875607 
53.900000 151.977801 
54.000000 153.085240 
54.100000 154.197912 
54.200000 155.315806 
54.300000 156.438909 
54.400000 157.567210 
54.500000 158.700695 
54.600000 159.839350 
54.700000 160.983162 
54.800000 162.132116 
54.900000 163.286197 
55.000000 164.445390 
55.100000 165.609678 
55.200000 166.779046 
55.300000 167.953476 
55.400000 169.132951 
55.500000 170.317452 
55.600000 171.506962 
55.700000 172.701462 
55.800000 173.900932 
55.900000 175.105352 
56.000000 176.314702 
56.100000 177.528961 
56.200000 178.748108 
56.300000 179.972120 
56.400000 181.200976 
56.500000 182.434652 
56.600000 183.673126 
56.700000 184.916373 
56.800000 186.164370 
56.900000 187.417090 
57.000000 188.674511 
57.100000 189.936605 
57.200000 191.203346 
57.300000 192.474708 
57.400000 193.750664 
57.500000 195.031186 
57.600000 196.316246 
57.700000 197.605816 
57.800000 198.899866 
57.900000 200.198367 
58.000000 201.501290 
58.100000 202.808604 
58.200000 204.120279 
58.300000 205.436282 
58.400000 206.756584 
58.500000 208.081150 
58.600000 209.409950 
58.700000 210.742949 
58.800000 212.080115 
58.900000 213.421414 
59.000000 214.766812 
59.100000 216.116274 
59.200000 217.469766 
59.300000 218.827251 
59.400000 220.188693 
59.500000 221.554058 
59.600000 222.923308 
59.700000 224.296406 
59.800000 225.673314 
59.900000 227.053996 
60.000000 228.438413 
60.100000 229.826526 
60.200000 231.218297 
60.300000 232.613686 
60.400000 234.012655 
60.500000 235.415162 
60.600000 236.821169 
60.700000 238.230634 
60.800000 239.643516 
60.900000 241.059774 
61.000000 242.479367 
61.100000 243.902254 
61.200000 245.328390 
61.300000 246.757736 
61.400000 248.190247 
61.500000 249.625880 
61.600000 251.064593 
61.700000 252.506341 
61.800000 253.951082 
61.900000 255.398770 
62.000000 256.849362 
62.100000 258.302813 
62.200000 259.759078 
62.300000 261.218111 
62.400000 262.679869 
62.500000 264.144304 
62.600000 265.611372 
62.700000 267.081026 
62.800000 268.553221 
62.900000 270.027909 
63.000000 271.505045 
63.100000 272.984581 
63.200000 274.466472 
63.300000 275.950668 
63.400000 277.437124 
63.500000 278.925792 
63.600000 280.416624 
63.700000 281.909574 
63.800000 283.404591 
63.900000 284.901630 
64.000000 286.400642 
64.100000 287.901578 
64.200000 289.404391 
64.300000 290.909032 
64.400000 292.415452 
64.500000 293.923603 
64.600000 295.433436 
64.700000 296.944902 
64.800000 298.457954 
64.900000 299.972540 
65.000000 301.488614 
65.100000 303.006126 
65.200000 304.525026 
65.300000 306.045266 
65.400000 307.566797 
65.500000 309.089570 
65.600000 310.613535 
65.700000 312.138643 
65.800000 313.664846 
65.900000 315.192094 
66.000000 316.720338 
66.100000 318.249529 
66.200000 319.779618 
66.300000 321.310555 
66.400000 322.842293 
66.500000 324.374782 
66.600000 325.907973 
66.700000 327.441818 
66.800000 328.976266 
66.900000 330.511271 
67.000000 332.046783 
67.100000 333.582754 
67.200000 335.119135 
67.300000 336.655878 
67.400000 338.192935 
67.500000 339.730257 
67.600000 341.267797 
67.700000 342.805506 
67.800000 344.343338 
67.900000 345.881243 
68.000000 347.419175 
68.100000 348.957087 
68.200000 350.494930 
68.300000 352.032658 
68.400000 353.570224 
68.500000 355.107582 
68.600000 356.644684 
68.700000 358.181484 
68.800000 359.717936 
68.900000 361.253994 
69.000000 362.789612 
69.100000 364.324745 
69.200000 365.859346 
69.300000 367.393370 
69.400000 368.926773 
69.500000 370.459509 
69.600000 371.991534 
69.700000 373.522804 
69.800000 375.053273 
69.900000 376.582899 
70.000000 378.111637 
70.100000 379.639444 
70.200000 381.166276 
70.300000 382.692091 
70.400000 384.216845 
70.500000 385.740496 
70.600000 387.263003 
70.700000 388.784321 
70.800000 390.304411 
70.900000 391.823230 
71.000000 393.340738 
71.100000 394.856892 
71.200000 396.371653 
71.300000 397.884980 
71.400000 399.396833 
71.500000 400.907172 
71.600000 402.415958 
71.700000 403.923150 
71.800000 405.428711 
71.900000 406.932601 
72.000000 408.434782 
72.100000 409.935217 
72.200000 411.433866 
72.300000 412.930693 
72.400000 414.425660 
72.500000 415.918731 
72.600000 417.409869 
72.700000 418.899038 
72.800000 420.386201 
72.900000 421.871324 
73.000000 423.354370 
73.100000 424.835305 
73.200000 426.314095 
73.300000 427.790704 
73.400000 429.265099 
73.500000 430.737247 
73.600000 432.207113 
73.700000 433.674664 
73.800000 435.139869 
73.900000 436.602695 
74.000000 438.063109 
74.100000 439.521080 
74.200000 440.976576 
74.300000 442.429567 
74.400000 443.880022 
74.500000 445.327910 
74.600000 446.773202 
74.700000 448.215867 
74.800000 449.655877 
74.900000 451.093201 
75.000000 452.527813 
75.100000 453.959683 
75.200000 455.388783 
75.300000 456.815086 
75.400000 458.238565 
75.500000 459.659191 
75.600000 461.076940 
75.700000 462.491784 
75.800000 463.903697 
75.900000 465.312655 
76.000000 466.718631 
76.100000 468.121601 
76.200000 469.521540 
76.300000 470.918424 
76.400000 472.312229 
76.500000 473.702931 
76.600000 475.090508 
76.700000 476.474935 
76.800000 477.856192 
76.900000 479.234255 
77.000000 480.609103 
77.100000 481.980714 
77.200000 483.349066 
77.300000 484.714140 
77.400000 486.075914 
77.500000 487.434368 
77.600000 488.789483 
77.700000 490.141238 
77.800000 491.489615 
77.900000 492.834595 
78.000000 494.176159 
78.100000 495.514288 
78.200000 496.848966 
78.300000 498.180174 
78.400000 499.507895 
78.500000 500.832112 
78.600000 502.152808 
78.700000 503.469967 
78.800000 504.783574 
78.900000 506.093612 
79.000000 507.400066 
79.100000 508.702922 
79.200000 510.002163 
79.300000 511.297776 
79.400000 512.589747 
79.500000 513.878062 
79.600000 515.162707 
79.700000 516.443669 
79.800000 517.720936 
79.900000 518.994494 
80.000000 520.264331 
80.100000 521.530435 
80.200000 522.792795 
80.300000 524.051399 
80.400000 525.306236 
80.500000 526.557295 
80.600000 527.804566 
80.700000 529.048037 
80.800000 530.287700 
80.900000 531.523545 
81.000000 532.755561 
81.100000 533.983740 
81.200000 535.208074 
81.300000 536.428552 
81.400000 537.645168 
81.500000 538.857913 
81.600000 540.066779 
81.700000 541.271758 
81.800000 542.472844 
81.900000 543.670029 
82.000000 544.863307 
82.100000 546.052671 
82.200000 547.238115 
82.300000 548.419632 
82.400000 549.597218 
82.500000 550.770867 
82.600000 551.940573 
82.700000 553.106331 
82.800000 554.268137 
82.900000 555.425986 
83.000000 556.579874 
83.100000 557.729797 
83.200000 558.875751 
83.300000 560.017733 
83.400000 561.155739 
83.500000 562.289766 
83.600000 563.419811 
83.700000 564.545872 
83.800000 565.667946 
83.900000 566.786031 
84.000000 567.900125 
84.100000 569.010226 
84.200000 570.116333 
84.300000 571.218444 
84.400000 572.316558 
84.500000 573.410674 
84.600000 574.500792 
84.700000 575.586911 
84.800000 576.669031 
84.900000 577.747151 
85.000000 578.821271 
85.100000 579.891393 
85.200000 580.957515 
85.300000 582.019640 
85.400000 583.077767 
85.500000 584.131899 
85.600000 585.182035 
85.700000 586.228178 
85.800000 587.270328 
85.900000 588.308489 
86.000000 589.342661 
86.100000 590.372847 
86.200000 591.399049 
86.300000 592.421270 
86.400000 593.439511 
86.500000 594.453776 
86.600000 595.464069 
86.700000 596.470391 
86.800000 597.472746 
86.900000 598.471138 
87.000000 599.465570 
87.100000 600.456046 
87.200000 601.442569 
87.300000 602.425144 
87.400000 603.403776 
87.500000 604.378467 
87.600000 605.349224 
87.700000 606.316049 
87.800000 607.278949 
87.900000 608.237927 
88.000000 609.192990 
88.100000 610.144142 
88.200000 611.091388 
88.300000 612.034734 
88.400000 612.974185 
88.500000 613.909748 
88.600000 614.841427 
88.700000 615.769229 
88.800000 616.693160 
88.900000 617.613225 
89.000000 618.529432 
89.100000 619.441787 
89.200000 620.350296 
89.300000 621.254966 
89.400000 622.155803 
89.500000 623.052814 
89.600000 623.946007 
89.700000 624.835388 
89.800000 625.720965 
89.900000 626.602744 
90.000000 627.480733 
90.100000 628.354941 
90.200000 629.225373 
90.300000 630.092038 
90.400000 630.954944 
90.500000 631.814098 
90.600000 632.669508 
90.700000 633.521183 
90.800000 634.369130 
90.900000 635.213357 
91.000000 636.053874 
91.100000 636.890688 
91.200000 637.723808 
91.300000 638.553241 
91.400000 639.378998 
91.500000 640.201086 
91.600000 641.019515 
91.700000 641.834292 
91.800000 642.645428 
91.900000 643.452930 
92.000000 644.256809 
92.100000 645.057072 
92.200000 645.853730 
92.300000 646.646792 
92.400000 647.436266 
92.500000 648.222162 
92.600000 649.004490 
92.700000 649.783260 
92.800000 650.558479 
92.900000 651.330160 
93.000000 652.098310 
93.100000 652.862939 
93.200000 653.624058 
93.300000 654.381677 
93.400000 655.135804 
93.500000 655.886451 
93.600000 656.633626 
93.700000 657.377340 
93.800000 658.117604 
93.900000 658.854427 
94.000000 659.587819 
94.100000 660.317791 
94.200000 661.044352 
94.300000 661.767514 
94.400000 662.487286 
94.500000 663.203678 
94.600000 663.916702 
94.700000 664.626367 
94.800000 665.332685 
94.900000 666.035665 
95.000000 666.735318 
95.100000 667.431654 
95.200000 668.124685 
95.300000 668.814421 
95.400000 669.500872 
95.500000 670.184050 
95.600000 670.863964 
95.700000 671.540626 
95.800000 672.214046 
95.900000 672.884236 
96.000000 673.551205 
96.100000 674.214965 
96.200000 674.875527 
96.300000 675.532902 
96.400000 676.187100 
96.500000 676.838132 
96.600000 677.486009 
96.700000 678.130742 
96.800000 678.772343 
96.900000 679.410822 
97.000000 680.046189 
97.100000 680.678457 
97.200000 681.307636 
97.300000 681.933737 
97.400000 682.556771 
97.500000 683.176750 
97.600000 683.793683 
97.700000 684.407583 
97.800000 685.018460 
97.900000 685.626326 
98.000000 686.231191 
98.100000 686.833067 
98.200000 687.431964 
98.300000 688.027895 
98.400000 688.620869 
98.500000 689.210898 
98.600000 689.797993 
98.700000 690.382165 
98.800000 690.963426 
98.900000 691.541786 
99.000000 692.117257 
99.100000 692.689849 
99.200000 693.259574 
99.300000 693.826443 
99.400000 694.390467 
99.500000 694.951657 
99.600000 695.510023 
99.700000 696.065578 
99.800000 696.618333 
99.900000 697.168298 
