0.100000 3.059775 
0.200000 3.120735 
0.300000 3.182904 
0.400000 3.246305 
0.500000 3.310963 
0.600000 3.376902 
0.700000 3.444147 
0.800000 3.512723 
0.900000 3.582658 
1.000000 3.653977 
1.100000 3.726708 
1.200000 3.800878 
1.300000 3.876515 
1.400000 3.953649 
1.500000 4.032307 
1.600000 4.112521 
1.700000 4.194319 
1.800000 4.277735 
1.900000 4.362798 
2.000000 4.449540 
2.100000 4.537996 
2.200000 4.628197 
2.300000 4.720178 
2.400000 4.813973 
2.500000 4.909619 
2.600000 5.007150 
2.700000 5.106603 
2.800000 5.208015 
2.900000 5.311425 
3.000000 5.416871 
3.100000 5.524393 
3.200000 5.634030 
3.300000 5.745824 
3.400000 5.859816 
3.500000 5.976048 
3.600000 6.094565 
3.700000 6.215409 
3.800000 6.338625 
3.900000 6.464260 
4.000000 6.592360 
4.100000 6.722972 
4.200000 6.856144 
4.300000 6.991925 
4.400000 7.130366 
4.500000 7.271517 
4.600000 7.415430 
4.700000 7.562157 
4.800000 7.711754 
4.900000 7.864273 
5.000000 8.019772 
5.100000 8.178306 
5.200000 8.339933 
5.300000 8.504712 
5.400000 8.672703 
5.500000 8.843967 
5.600000 9.018565 
5.700000 9.196561 
5.800000 9.378018 
5.900000 9.563003 
6.000000 9.751581 
6.100000 9.943820 
6.200000 10.139789 
6.300000 10.339558 
6.400000 10.543197 
6.500000 10.750781 
6.600000 10.962381 
6.700000 11.178073 
6.800000 11.397934 
6.900000 11.622040 
7.000000 11.850471 
7.100000 12.083307 
7.200000 12.320630 
7.300000 12.562522 
7.400000 12.809068 
7.500000 13.060353 
7.600000 13.316465 
7.700000 13.577492 
7.800000 13.843525 
7.900000 14.114654 
8.000000 14.390974 
8.100000 14.672579 
8.200000 14.959564 
8.300000 15.252027 
8.400000 15.550069 
8.500000 15.853789 
8.600000 16.163290 
8.700000 16.478675 
8.800000 16.800052 
8.900000 17.127527 
9.000000 17.461209 
9.100000 17.801208 
9.200000 18.147638 
9.300000 18.500613 
9.400000 18.860247 
9.500000 19.226659 
9.600000 19.599968 
9.700000 19.980296 
9.800000 20.367765 
9.900000 20.762499 
10.000000 21.164626 
10.100000 21.574273 
10.200000 21.991572 
10.300000 22.416653 
10.400000 22.849651 
10.500000 23.290701 
10.600000 23.739941 
10.700000 24.197510 
10.800000 24.663550 
10.900000 25.138205 
11.000000 25.621618 
11.100000 26.113937 
11.200000 26.615311 
11.300000 27.125890 
11.400000 27.645828 
11.500000 28.175279 
11.600000 28.714399 
11.700000 29.263346 
11.800000 29.822282 
11.900000 30.391368 
12.000000 30.970767 
12.100000 31.560646 
12.200000 32.161173 
12.300000 32.772516 
12.400000 33.394848 
12.500000 34.028341 
12.600000 34.673171 
12.700000 35.329513 
12.800000 35.997547 
12.900000 36.677452 
13.000000 37.369411 
13.100000 38.073606 
13.200000 38.790223 
13.300000 39.519448 
13.400000 40.261471 
13.500000 41.016479 
13.600000 41.784666 
13.700000 42.566223 
13.800000 43.361345 
13.900000 44.170227 
14.000000 44.993065 
14.100000 45.830057 
14.200000 46.681404 
14.300000 47.547304 
14.400000 48.427959 
14.500000 49.323571 
14.600000 50.234344 
14.700000 51.160480 
14.800000 52.102185 
14.900000 53.059665 
15.000000 54.033124 
15.100000 55.022770 
15.200000 56.028808 
15.300000 57.051446 
15.400000 58.090892 
15.500000 59.147352 
15.600000 60.221033 
15.700000 61.312142 
15.800000 62.420887 
15.900000 63.547473 
16.000000 64.692107 
16.100000 65.854993 
16.200000 67.036335 
16.300000 68.236338 
16.400000 69.455202 
16.500000 70.693130 
16.600000 71.950320 
16.700000 73.226970 
16.800000 74.523277 
16.900000 75.839435 
17.000000 77.175635 
17.100000 78.532068 
17.200000 79.908921 
17.300000 81.306378 
17.400000 82.724622 
17.500000 84.163830 
17.600000 85.624179 
17.700000 87.105840 
17.800000 88.608981 
17.900000 90.133766 
18.000000 91.680356 
18.100000 93.248905 
18.200000 94.839566 
18.300000 96.452483 
18.400000 98.087798 
18.500000 99.745647 
18.600000 101.426159 
18.700000 103.129458 
18.800000 104.855663 
18.900000 106.604885 
19.000000 108.377228 
19.100000 110.172791 
19.200000 111.991664 
19.300000 113.833931 
19.400000 115.699666 
19.500000 117.588939 
19.600000 119.501806 
19.700000 121.438320 
19.800000 123.398522 
19.900000 125.382444 
20.000000 127.390109 
20.100000 129.421531 
20.200000 131.476714 
20.300000 133.555651 
20.400000 135.658323 
20.500000 137.784704 
20.600000 139.934754 
20.700000 142.108422 
20.800000 144.305647 
20.900000 146.526354 
21.000000 148.770458 
21.100000 151.037859 
21.200000 153.328448 
21.300000 155.642100 
21.400000 157.978678 
21.500000 160.338032 
21.600000 162.719998 
21.700000 165.124400 
21.800000 167.551046 
21.900000 169.999730 
22.000000 172.470234 
22.100000 174.962322 
22.200000 177.475748 
22.300000 180.010246 
22.400000 182.565540 
22.500000 185.141337 
22.600000 187.737328 
22.700000 190.353190 
22.800000 192.988585 
22.900000 195.643159 
23.000000 198.316545 
23.100000 201.008356 
23.200000 203.718194 
23.300000 206.445645 
23.400000 209.190278 
23.500000 211.951648 
23.600000 214.729294 
23.700000 217.522742 
23.800000 220.331501 
23.900000 223.155065 
24.000000 225.992915 
24.100000 228.844517 
24.200000 231.709322 
24.300000 234.586766 
24.400000 237.476274 
24.500000 240.377255 
24.600000 243.289105 
24.700000 246.211208 
24.800000 249.142933 
24.900000 252.083640 
25.000000 255.032673 
25.100000 257.989367 
25.200000 260.953045 
25.300000 263.923019 
25.400000 266.898590 
25.500000 269.879048 
25.600000 272.863677 
25.700000 275.851749 
25.800000 278.842526 
25.900000 281.835266 
26.000000 284.829216 
26.100000 287.823618 
26.200000 290.817705 
26.300000 293.810707 
26.400000 296.801848 
26.500000 299.790344 
26.600000 302.775412 
26.700000 305.756261 
26.800000 308.732099 
26.900000 311.702132 
27.000000 314.665565 
27.100000 317.621598 
27.200000 320.569436 
27.300000 323.508281 
27.400000 326.437335 
27.500000 329.355806 
27.600000 332.262898 
27.700000 335.157823 
27.800000 338.039795 
27.900000 340.908030 
28.000000 343.761753 
28.100000 346.600189 
28.200000 349.422574 
28.300000 352.228148 
28.400000 355.016159 
28.500000 357.785862 
28.600000 360.536522 
28.700000 363.267412 
28.800000 365.977814 
28.900000 368.667023 
29.000000 371.334340 
29.100000 373.979082 
29.200000 376.600574 
29.300000 379.198156 
29.400000 381.771178 
29.500000 384.319007 
29.600000 386.841019 
29.700000 389.336607 
29.800000 391.805177 
29.900000 394.246151 
30.000000 396.658966 
30.100000 399.043073 
30.200000 401.397940 
30.300000 403.723051 
30.400000 406.017906 
30.500000 408.282022 
30.600000 410.514932 
30.700000 412.716188 
30.800000 414.885356 
30.900000 417.022022 
31.000000 419.125790 
31.100000 421.196278 
31.200000 423.233126 
31.300000 425.235990 
31.400000 427.204542 
31.500000 429.138476 
31.600000 431.037500 
31.700000 432.901341 
31.800000 434.729747 
31.900000 436.522478 
32.000000 438.279317 
32.100000 440.000063 
32.200000 441.684530 
32.300000 443.332554 
32.400000 444.943984 
32.500000 446.518690 
32.600000 448.056555 
32.700000 449.557483 
32.800000 451.021392 
32.900000 452.448216 
33.000000 453.837907 
33.100000 455.190432 
33.200000 456.505773 
33.300000 457.783929 
33.400000 459.024913 
33.500000 460.228753 
33.600000 461.395492 
33.700000 462.525188 
33.800000 463.617911 
33.900000 464.673746 
34.000000 465.692791 
34.100000 466.675157 
34.200000 467.620969 
34.300000 468.530362 
34.400000 469.403485 
34.500000 470.240498 
34.600000 471.041571 
34.700000 471.806888 
34.800000 472.536641 
34.900000 473.231034 
35.000000 473.890280 
35.100000 474.514601 
35.200000 475.104230 
35.300000 475.659408 
35.400000 476.180384 
35.500000 476.667417 
35.600000 477.120771 
35.700000 477.540721 
35.800000 477.927545 
35.900000 478.281533 
36.000000 478.602977 
36.100000 478.892178 
36.200000 479.149441 
36.300000 479.375078 
36.400000 479.569406 
36.500000 479.732746 
36.600000 479.865424 
36.700000 479.967772 
36.800000 480.040123 
36.900000 480.082817 
37.000000 480.096194 
37.100000 480.080601 
37.200000 480.036384 
37.300000 479.963895 
37.400000 479.863487 
37.500000 479.735515 
37.600000 479.580336 
37.700000 479.398309 
37.800000 479.189793 
37.900000 478.955151 
38.000000 478.694745 
38.100000 478.408937 
38.200000 478.098092 
38.300000 477.762573 
38.400000 477.402746 
38.500000 477.018973 
38.600000 476.611619 
38.700000 476.181047 
38.800000 475.727621 
38.900000 475.251703 
39.000000 474.753654 
39.100000 474.233835 
39.200000 473.692605 
39.300000 473.130322 
39.400000 472.547343 
39.500000 471.944022 
39.600000 471.320712 
39.700000 470.677766 
39.800000 470.015532 
39.900000 469.334358 
40.000000 468.634590 
40.100000 467.916570 
40.200000 467.180639 
40.300000 466.427135 
40.400000 465.656396 
40.500000 464.868753 
40.600000 464.064537 
40.700000 463.244077 
40.800000 462.407697 
40.900000 461.555720 
41.000000 460.688465 
41.100000 459.806249 
41.200000 458.909386 
41.300000 457.998184 
41.400000 457.072953 
41.500000 456.133997 
41.600000 455.181615 
41.700000 454.216107 
41.800000 453.237766 
41.900000 452.246885 
42.000000 451.243751 
42.100000 450.228650 
42.200000 449.201863 
42.300000 448.163667 
42.400000 447.114339 
42.500000 446.054149 
42.600000 444.983366 
42.700000 443.902255 
42.800000 442.811077 
42.900000 441.710090 
43.000000 440.599549 
43.100000 439.479706 
43.200000 438.350808 
43.300000 437.213101 
43.400000 436.066826 
43.500000 434.912220 
43.600000 433.749519 
43.700000 432.578954 
43.800000 431.400753 
43.900000 430.215141 
44.000000 429.022340 
44.100000 427.822568 
44.200000 426.616041 
44.300000 425.402969 
44.400000 424.183563 
44.500000 422.958027 
44.600000 421.726564 
44.700000 420.489374 
44.800000 419.246652 
44.900000 417.998592 
45.000000 416.745384 
45.100000 415.487215 
45.200000 414.224269 
45.300000 412.956728 
45.400000 411.684770 
45.500000 410.408569 
45.600000 409.128299 
45.700000 407.844128 
45.800000 406.556225 
45.900000 405.264752 
46.000000 403.969871 
46.100000 402.671740 
46.200000 401.370515 
46.300000 400.066350 
46.400000 398.759394 
46.500000 397.449795 
46.600000 396.137699 
46.700000 394.823248 
46.800000 393.506583 
46.900000 392.187840 
47.000000 390.867156 
47.100000 389.544663 
47.200000 388.220492 
47.300000 386.894769 
47.400000 385.567622 
47.500000 384.239173 
47.600000 382.909543 
47.700000 381.578852 
47.800000 380.247215 
47.900000 378.914748 
48.000000 377.581561 
48.100000 376.247767 
48.200000 374.913471 
48.300000 373.578782 
48.400000 372.243801 
48.500000 370.908632 
48.600000 369.573374 
48.700000 368.238125 
48.800000 366.902980 
48.900000 365.568036 
49.000000 364.233382 
49.100000 362.899110 
49.200000 361.565309 
49.300000 360.232065 
49.400000 358.899463 
49.500000 357.567587 
49.600000 356.236518 
49.700000 354.906335 
49.800000 353.577119 
49.900000 352.248944 
50.000000 350.921886 
50.100000 349.596018 
50.200000 348.271413 
50.300000 346.948140 
50.400000 345.626269 
50.500000 344.305867 
50.600000 342.987000 
50.700000 341.669731 
50.800000 340.354125 
50.900000 339.040243 
51.000000 337.728146 
51.100000 336.417891 
51.200000 335.109538 
51.300000 333.803141 
51.400000 332.498757 
51.500000 331.196439 
51.600000 329.896240 
51.700000 328.598211 
51.800000 327.302401 
51.900000 326.008861 
52.000000 324.717638 
52.100000 323.428779 
52.200000 322.142328 
52.300000 320.858332 
52.400000 319.576832 
52.500000 318.297872 
52.600000 317.021492 
52.700000 315.747733 
52.800000 314.476634 
52.900000 313.208234 
53.000000 311.942570 
53.100000 310.679677 
53.200000 309.419592 
53.300000 308.162349 
53.400000 306.907981 
53.500000 305.656521 
53.600000 304.408001 
53.700000 303.162452 
53.800000 301.919903 
53.900000 300.680385 
54.000000 299.443926 
54.100000 298.210552 
54.200000 296.980292 
54.300000 295.753171 
54.400000 294.529214 
54.500000 293.308447 
54.600000 292.090892 
54.700000 290.876573 
54.800000 289.665513 
54.900000 288.457733 
55.000000 287.253254 
55.100000 286.052097 
55.200000 284.854281 
55.300000 283.659826 
55.400000 282.468749 
55.500000 281.281069 
55.600000 280.096803 
55.700000 278.915968 
55.800000 277.738579 
55.900000 276.564652 
56.000000 275.394202 
56.100000 274.227244 
56.200000 273.063790 
56.300000 271.903855 
56.400000 270.747452 
56.500000 269.594591 
56.600000 268.445286 
56.700000 267.299546 
56.800000 266.157384 
56.900000 265.018809 
57.000000 263.883832 
57.100000 262.752461 
57.200000 261.624705 
57.300000 260.500573 
57.400000 259.380073 
57.500000 258.263212 
57.600000 257.149998 
57.700000 256.040437 
57.800000 254.934536 
57.900000 253.832301 
58.000000 252.733737 
58.100000 251.638850 
58.200000 250.547645 
58.300000 249.460125 
58.400000 248.376295 
58.500000 247.296159 
58.600000 246.219721 
58.700000 245.146983 
58.800000 244.077948 
58.900000 243.012618 
59.000000 241.950997 
59.100000 240.893085 
59.200000 239.838885 
59.300000 238.788396 
59.400000 237.741622 
59.500000 236.698561 
59.600000 235.659215 
59.700000 234.623583 
59.800000 233.591665 
59.900000 232.563462 
60.000000 231.538972 
60.100000 230.518194 
60.200000 229.501128 
60.300000 228.487771 
60.400000 227.478123 
60.500000 226.472180 
60.600000 225.469942 
60.700000 224.471406 
60.800000 223.476569 
60.900000 222.485429 
61.000000 221.497982 
61.100000 220.514226 
61.200000 219.534157 
61.300000 218.557772 
61.400000 217.585066 
61.500000 216.616036 
61.600000 215.650678 
61.700000 214.688988 
61.800000 213.730960 
61.900000 212.776591 
62.000000 211.825876 
62.100000 210.878809 
62.200000 209.935385 
62.300000 208.995600 
62.400000 208.059448 
62.500000 207.126923 
62.600000 206.198019 
62.700000 205.272731 
62.800000 204.351053 
62.900000 203.432978 
63.000000 202.518501 
63.100000 201.607615 
63.200000 200.700312 
63.300000 199.796588 
63.400000 198.896434 
63.500000 197.999845 
63.600000 197.106813 
63.700000 196.217330 
63.800000 195.331391 
63.900000 194.448987 
64.000000 193.570111 
64.100000 192.694755 
64.200000 191.822913 
64.300000 190.954576 
64.400000 190.089736 
64.500000 189.228385 
64.600000 188.370516 
64.700000 187.516121 
64.800000 186.665191 
64.900000 185.817718 
65.000000 184.973693 
65.100000 184.133109 
65.200000 183.295957 
65.300000 182.462229 
65.400000 181.631915 
65.500000 180.805007 
65.600000 179.981497 
65.700000 179.161375 
65.800000 178.344633 
65.900000 177.531261 
66.000000 176.721252 
66.100000 175.914595 
66.200000 175.111281 
66.300000 174.311303 
66.400000 173.514649 
66.500000 172.721312 
66.600000 171.931281 
66.700000 171.144547 
66.800000 170.361102 
66.900000 169.580935 
67.000000 168.804037 
67.100000 168.030399 
67.200000 167.260010 
67.300000 166.492862 
67.400000 165.728945 
67.500000 164.968249 
67.600000 164.210764 
67.700000 163.456481 
67.800000 162.705390 
67.900000 161.957480 
68.000000 161.212743 
68.100000 160.471169 
68.200000 159.732747 
68.300000 158.997467 
68.400000 158.265320 
68.500000 157.536296 
68.600000 156.810385 
68.700000 156.087576 
68.800000 155.367860 
68.900000 154.651227 
69.000000 153.937667 
69.100000 153.227169 
69.200000 152.519724 
69.300000 151.815321 
69.400000 151.113951 
69.500000 150.415603 
69.600000 149.720267 
69.700000 149.027933 
69.800000 148.338590 
69.900000 147.652230 
70.000000 146.968841 
70.100000 146.288413 
70.200000 145.610937 
70.300000 144.936402 
70.400000 144.264797 
70.500000 143.596113 
70.600000 142.930340 
70.700000 142.267466 
70.800000 141.607483 
70.900000 140.950380 
71.000000 140.296147 
71.100000 139.644772 
71.200000 138.996248 
71.300000 138.350562 
71.400000 137.707705 
71.500000 137.067667 
71.600000 136.430438 
71.700000 135.796007 
71.800000 135.164364 
71.900000 134.535500 
72.000000 133.909403 
72.100000 133.286064 
72.200000 132.665472 
72.300000 132.047619 
72.400000 131.432492 
72.500000 130.820083 
72.600000 130.210381 
72.700000 129.603376 
72.800000 128.999058 
72.900000 128.397416 
73.000000 127.798442 
73.100000 127.202125 
73.200000 126.608454 
73.300000 126.017420 
73.400000 125.429012 
73.500000 124.843222 
73.600000 124.260038 
73.700000 123.679451 
73.800000 123.101451 
73.900000 122.526027 
74.000000 121.953171 
74.100000 121.382872 
74.200000 120.815120 
74.300000 120.249905 
74.400000 119.687217 
74.500000 119.127047 
74.600000 118.569385 
74.700000 118.014221 
74.800000 117.461546 
74.900000 116.911348 
75.000000 116.363620 
75.100000 115.818350 
75.200000 115.275529 
75.300000 114.735148 
75.400000 114.197198 
75.500000 113.661667 
75.600000 113.128547 
75.700000 112.597828 
75.800000 112.069500 
75.900000 111.543554 
76.000000 111.019981 
76.100000 110.498771 
76.200000 109.979913 
76.300000 109.463400 
76.400000 108.949221 
76.500000 108.437367 
76.600000 107.927829 
76.700000 107.420597 
76.800000 106.915661 
76.900000 106.413013 
77.000000 105.912644 
77.100000 105.414543 
77.200000 104.918702 
77.300000 104.425111 
77.400000 103.933761 
77.500000 103.444643 
77.600000 102.957749 
77.700000 102.473067 
77.800000 101.990591 
77.900000 101.510310 
78.000000 101.032215 
78.100000 100.556297 
78.200000 100.082548 
78.300000 99.610958 
78.400000 99.141519 
78.500000 98.674221 
78.600000 98.209055 
78.700000 97.746013 
78.800000 97.285086 
78.900000 96.826265 
79.000000 96.369540 
79.100000 95.914904 
79.200000 95.462348 
79.300000 95.011863 
79.400000 94.563439 
79.500000 94.117069 
79.600000 93.672744 
79.700000 93.230455 
79.800000 92.790194 
79.900000 92.351951 
80.000000 91.915719 
80.100000 91.481489 
80.200000 91.049252 
80.300000 90.619000 
80.400000 90.190725 
80.500000 89.764418 
80.600000 89.340071 
80.700000 88.917675 
80.800000 88.497222 
80.900000 88.078703 
81.000000 87.662112 
81.100000 87.247438 
81.200000 86.834675 
81.300000 86.423813 
81.400000 86.014845 
81.500000 85.607762 
81.600000 85.202557 
81.700000 84.799221 
81.800000 84.397747 
81.900000 83.998125 
82.000000 83.600349 
82.100000 83.204410 
82.200000 82.810300 
82.300000 82.418012 
82.400000 82.027537 
82.500000 81.638868 
82.600000 81.251997 
82.700000 80.866916 
82.800000 80.483617 
82.900000 80.102092 
83.000000 79.722334 
83.100000 79.344336 
83.200000 78.968088 
83.300000 78.593584 
83.400000 78.220817 
83.500000 77.849778 
83.600000 77.480460 
83.700000 77.112855 
83.800000 76.746956 
83.900000 76.382756 
84.000000 76.020247 
84.100000 75.659421 
84.200000 75.300271 
84.300000 74.942791 
84.400000 74.586971 
84.500000 74.232806 
84.600000 73.880288 
84.700000 73.529409 
84.800000 73.180163 
84.900000 72.832542 
85.000000 72.486539 
85.100000 72.142147 
85.200000 71.799358 
85.300000 71.458166 
85.400000 71.118564 
85.500000 70.780544 
85.600000 70.444099 
85.700000 70.109223 
85.800000 69.775909 
85.900000 69.444149 
86.000000 69.113937 
86.100000 68.785266 
86.200000 68.458128 
86.300000 68.132518 
86.400000 67.808428 
86.500000 67.485852 
86.600000 67.164782 
86.700000 66.845212 
86.800000 66.527136 
86.900000 66.210546 
87.000000 65.895437 
87.100000 65.581801 
87.200000 65.269631 
87.300000 64.958922 
87.400000 64.649667 
87.500000 64.341858 
87.600000 64.035491 
87.700000 63.730558 
87.800000 63.427052 
87.900000 63.124968 
88.000000 62.824299 
88.100000 62.525038 
88.200000 62.227180 
88.300000 61.930717 
88.400000 61.635645 
88.500000 61.341956 
88.600000 61.049644 
88.700000 60.758703 
88.800000 60.469126 
88.900000 60.180909 
89.000000 59.894044 
89.100000 59.608525 
89.200000 59.324346 
89.300000 59.041502 
89.400000 58.759986 
89.500000 58.479792 
89.600000 58.200915 
89.700000 57.923347 
89.800000 57.647084 
89.900000 57.372119 
90.000000 57.098447 
90.100000 56.826062 
90.200000 56.554957 
90.300000 56.285127 
90.400000 56.016566 
90.500000 55.749269 
90.600000 55.483229 
90.700000 55.218442 
90.800000 54.954900 
90.900000 54.692599 
91.000000 54.431533 
91.100000 54.171697 
91.200000 53.913084 
91.300000 53.655689 
91.400000 53.399506 
91.500000 53.144531 
91.600000 52.890757 
91.700000 52.638179 
91.800000 52.386792 
91.900000 52.136590 
92.000000 51.887567 
92.100000 51.639719 
92.200000 51.393040 
92.300000 51.147524 
92.400000 50.903167 
92.500000 50.659962 
92.600000 50.417905 
92.700000 50.176991 
92.800000 49.937213 
92.900000 49.698568 
93.000000 49.461049 
93.100000 49.224652 
93.200000 48.989372 
93.300000 48.755202 
93.400000 48.522139 
93.500000 48.290177 
93.600000 48.059311 
93.700000 47.829536 
93.800000 47.600847 
93.900000 47.373239 
94.000000 47.146707 
94.100000 46.921246 
94.200000 46.696851 
94.300000 46.473518 
94.400000 46.251240 
94.500000 46.030015 
94.600000 45.809836 
94.700000 45.590698 
94.800000 45.372598 
94.900000 45.155529 
95.000000 44.939489 
95.100000 44.724471 
95.200000 44.510470 
95.300000 44.297483 
95.400000 44.085505 
95.500000 43.874531 
95.600000 43.664555 
95.700000 43.455575 
95.800000 43.247584 
95.900000 43.040579 
96.000000 42.834555 
96.100000 42.629507 
96.200000 42.425431 
96.300000 42.222323 
96.400000 42.020177 
96.500000 41.818990 
96.600000 41.618756 
96.700000 41.419472 
96.800000 41.221133 
96.900000 41.023735 
97.000000 40.827274 
97.100000 40.631744 
97.200000 40.437142 
97.300000 40.243463 
97.400000 40.050704 
97.500000 39.858859 
97.600000 39.667925 
97.700000 39.477897 
97.800000 39.288771 
97.900000 39.100543 
98.000000 38.913209 
98.100000 38.726765 
98.200000 38.541206 
98.300000 38.356528 
98.400000 38.172728 
98.500000 37.989800 
98.600000 37.807742 
98.700000 37.626549 
98.800000 37.446217 
98.900000 37.266741 
99.000000 37.088119 
99.100000 36.910346 
99.200000 36.733417 
99.300000 36.557330 
99.400000 36.382080 
99.500000 36.207663 
99.600000 36.034076 
99.700000 35.861314 
99.800000 35.689374 
99.900000 35.518252 
