0.100000 996.925225 
0.200000 996.848966 
0.300000 996.771193 
0.400000 996.691878 
0.500000 996.610988 
0.600000 996.528495 
0.700000 996.444365 
0.800000 996.358568 
0.900000 996.271070 
1.000000 996.181837 
1.100000 996.090837 
1.200000 995.998033 
1.300000 995.903391 
1.400000 995.806875 
1.500000 995.708449 
1.600000 995.608074 
1.700000 995.505712 
1.800000 995.401325 
1.900000 995.294874 
2.000000 995.186317 
2.100000 995.075614 
2.200000 994.962723 
2.300000 994.847601 
2.400000 994.730204 
2.500000 994.610489 
2.600000 994.488410 
2.700000 994.363921 
2.800000 994.236976 
2.900000 994.107526 
3.000000 993.975523 
3.100000 993.840917 
3.200000 993.703658 
3.300000 993.563694 
3.400000 993.420973 
3.500000 993.275441 
3.600000 993.127044 
3.700000 992.975728 
3.800000 992.821434 
3.900000 992.664106 
4.000000 992.503685 
4.100000 992.340111 
4.200000 992.173324 
4.300000 992.003262 
4.400000 991.829862 
4.500000 991.653059 
4.600000 991.472789 
4.700000 991.288984 
4.800000 991.101577 
4.900000 990.910498 
5.000000 990.715679 
5.100000 990.517046 
5.200000 990.314527 
5.300000 990.108048 
5.400000 989.897534 
5.500000 989.682906 
5.600000 989.464088 
5.700000 989.241000 
5.800000 989.013559 
5.900000 988.781685 
6.000000 988.545291 
6.100000 988.304294 
6.200000 988.058606 
6.300000 987.808139 
6.400000 987.552801 
6.500000 987.292502 
6.600000 987.027148 
6.700000 986.756644 
6.800000 986.480893 
6.900000 986.199797 
7.000000 985.913256 
7.100000 985.621167 
7.200000 985.323428 
7.300000 985.019933 
7.400000 984.710575 
7.500000 984.395244 
7.600000 984.073830 
7.700000 983.746221 
7.800000 983.412300 
7.900000 983.071953 
8.000000 982.725060 
8.100000 982.371501 
8.200000 982.011153 
8.300000 981.643891 
8.400000 981.269590 
8.500000 980.888120 
8.600000 980.499350 
8.700000 980.103147 
8.800000 979.699377 
8.900000 979.287902 
9.000000 978.868583 
9.100000 978.441277 
9.200000 978.005841 
9.300000 977.562129 
9.400000 977.109991 
9.500000 976.649278 
9.600000 976.179835 
9.700000 975.701508 
9.800000 975.214138 
9.900000 974.717565 
10.000000 974.211625 
10.100000 973.696155 
10.200000 973.170985 
10.300000 972.635946 
10.400000 972.090865 
10.500000 971.535567 
10.600000 970.969873 
10.700000 970.393604 
10.800000 969.806576 
10.900000 969.208604 
11.000000 968.599500 
11.100000 967.979073 
11.200000 967.347129 
11.300000 966.703473 
11.400000 966.047906 
11.500000 965.380226 
11.600000 964.700230 
11.700000 964.007710 
11.800000 963.302458 
11.900000 962.584261 
12.000000 961.852904 
12.100000 961.108171 
12.200000 960.349842 
12.300000 959.577692 
12.400000 958.791498 
12.500000 957.991030 
12.600000 957.176059 
12.700000 956.346351 
12.800000 955.501670 
12.900000 954.641777 
13.000000 953.766431 
13.100000 952.875389 
13.200000 951.968404 
13.300000 951.045227 
13.400000 950.105608 
13.500000 949.149291 
13.600000 948.176022 
13.700000 947.185542 
13.800000 946.177589 
13.900000 945.151901 
14.000000 944.108211 
14.100000 943.046253 
14.200000 941.965757 
14.300000 940.866450 
14.400000 939.748058 
14.500000 938.610306 
14.600000 937.452916 
14.700000 936.275607 
14.800000 935.078100 
14.900000 933.860109 
15.000000 932.621352 
15.100000 931.361541 
15.200000 930.080388 
15.300000 928.777606 
15.400000 927.452903 
15.500000 926.105989 
15.600000 924.736571 
15.700000 923.344356 
15.800000 921.929051 
15.900000 920.490360 
16.000000 919.027989 
16.100000 917.541643 
16.200000 916.031025 
16.300000 914.495841 
16.400000 912.935795 
16.500000 911.350592 
16.600000 909.739936 
16.700000 908.103534 
16.800000 906.441092 
16.900000 904.752318 
17.000000 903.036921 
17.100000 901.294609 
17.200000 899.525096 
17.300000 897.728094 
17.400000 895.903319 
17.500000 894.050487 
17.600000 892.169319 
17.700000 890.259538 
17.800000 888.320867 
17.900000 886.353037 
18.000000 884.355779 
18.100000 882.328828 
18.200000 880.271923 
18.300000 878.184807 
18.400000 876.067230 
18.500000 873.918942 
18.600000 871.739702 
18.700000 869.529272 
18.800000 867.287420 
18.900000 865.013920 
19.000000 862.708552 
19.100000 860.371103 
19.200000 858.001366 
19.300000 855.599141 
19.400000 853.164235 
19.500000 850.696465 
19.600000 848.195653 
19.700000 845.661630 
19.800000 843.094237 
19.900000 840.493322 
20.000000 837.858744 
20.100000 835.190371 
20.200000 832.488081 
20.300000 829.751761 
20.400000 826.981310 
20.500000 824.176638 
20.600000 821.337664 
20.700000 818.464322 
20.800000 815.556555 
20.900000 812.614320 
21.000000 809.637585 
21.100000 806.626331 
21.200000 803.580553 
21.300000 800.500259 
21.400000 797.385471 
21.500000 794.236223 
21.600000 791.052566 
21.700000 787.834564 
21.800000 784.582297 
21.900000 781.295857 
22.000000 777.975355 
22.100000 774.620915 
22.200000 771.232678 
22.300000 767.810801 
22.400000 764.355456 
22.500000 760.866831 
22.600000 757.345134 
22.700000 753.790585 
22.800000 750.203424 
22.900000 746.583907 
23.000000 742.932306 
23.100000 739.248912 
23.200000 735.534031 
23.300000 731.787990 
23.400000 728.011129 
23.500000 724.203807 
23.600000 720.366403 
23.700000 716.499308 
23.800000 712.602936 
23.900000 708.677714 
24.000000 704.724089 
24.100000 700.742522 
24.200000 696.733495 
24.300000 692.697504 
24.400000 688.635062 
24.500000 684.546700 
24.600000 680.432964 
24.700000 676.294416 
24.800000 672.131634 
24.900000 667.945213 
25.000000 663.735761 
25.100000 659.503904 
25.200000 655.250279 
25.300000 650.975540 
25.400000 646.680354 
25.500000 642.365402 
25.600000 638.031378 
25.700000 633.678989 
25.800000 629.308952 
25.900000 624.922000 
26.000000 620.518873 
26.100000 616.100326 
26.200000 611.667120 
26.300000 607.220029 
26.400000 602.759836 
26.500000 598.287330 
26.600000 593.803311 
26.700000 589.308585 
26.800000 584.803965 
26.900000 580.290271 
27.000000 575.768328 
27.100000 571.238966 
27.200000 566.703021 
27.300000 562.161329 
27.400000 557.614733 
27.500000 553.064076 
27.600000 548.510205 
27.700000 543.953965 
27.800000 539.396204 
27.900000 534.837770 
28.000000 530.279507 
28.100000 525.722262 
28.200000 521.166876 
28.300000 516.614189 
28.400000 512.065038 
28.500000 507.520254 
28.600000 502.980664 
28.700000 498.447092 
28.800000 493.920352 
28.900000 489.401255 
29.000000 484.890602 
29.100000 480.389189 
29.200000 475.897801 
29.300000 471.417217 
29.400000 466.948203 
29.500000 462.491519 
29.600000 458.047912 
29.700000 453.618119 
29.800000 449.202866 
29.900000 444.802865 
30.000000 440.418820 
30.100000 436.051418 
30.200000 431.701336 
30.300000 427.369235 
30.400000 423.055765 
30.500000 418.761559 
30.600000 414.487239 
30.700000 410.233409 
30.800000 406.000660 
30.900000 401.789567 
31.000000 397.600689 
31.100000 393.434572 
31.200000 389.291742 
31.300000 385.172713 
31.400000 381.077981 
31.500000 377.008024 
31.600000 372.963308 
31.700000 368.944279 
31.800000 364.951367 
31.900000 360.984987 
32.000000 357.045535 
32.100000 353.133393 
32.200000 349.248925 
32.300000 345.392479 
32.400000 341.564386 
32.500000 337.764961 
32.600000 333.994501 
32.700000 330.253291 
32.800000 326.541595 
32.900000 322.859664 
33.000000 319.207732 
33.100000 315.586017 
33.200000 311.994724 
33.300000 308.434039 
33.400000 304.904136 
33.500000 301.405171 
33.600000 297.937288 
33.700000 294.500615 
33.800000 291.095266 
33.900000 287.721341 
34.000000 284.378927 
34.100000 281.068097 
34.200000 277.788910 
34.300000 274.541412 
34.400000 271.325637 
34.500000 268.141607 
34.600000 264.989331 
34.700000 261.868806 
34.800000 258.780018 
34.900000 255.722942 
35.000000 252.697542 
35.100000 249.703769 
35.200000 246.741567 
35.300000 243.810868 
35.400000 240.911594 
35.500000 238.043660 
35.600000 235.206969 
35.700000 232.401415 
35.800000 229.626887 
35.900000 226.883262 
36.000000 224.170410 
36.100000 221.488194 
36.200000 218.836470 
36.300000 216.215086 
36.400000 213.623883 
36.500000 211.062696 
36.600000 208.531353 
36.700000 206.029679 
36.800000 203.557489 
36.900000 201.114595 
37.000000 198.700803 
37.100000 196.315916 
37.200000 193.959729 
37.300000 191.632036 
37.400000 189.332624 
37.500000 187.061279 
37.600000 184.817781 
37.700000 182.601906 
37.800000 180.413430 
37.900000 178.252123 
38.000000 176.117754 
38.100000 174.010088 
38.200000 171.928888 
38.300000 169.873916 
38.400000 167.844931 
38.500000 165.841691 
38.600000 163.863950 
38.700000 161.911463 
38.800000 159.983984 
38.900000 158.081264 
39.000000 156.203054 
39.100000 154.349105 
39.200000 152.519166 
39.300000 150.712986 
39.400000 148.930314 
39.500000 147.170898 
39.600000 145.434487 
39.700000 143.720830 
39.800000 142.029675 
39.900000 140.360772 
40.000000 138.713868 
40.100000 137.088715 
40.200000 135.485063 
40.300000 133.902663 
40.400000 132.341267 
40.500000 130.800628 
40.600000 129.280500 
40.700000 127.780638 
40.800000 126.300797 
40.900000 124.840736 
41.000000 123.400212 
41.100000 121.978986 
41.200000 120.576818 
41.300000 119.193472 
41.400000 117.828712 
41.500000 116.482304 
41.600000 115.154016 
41.700000 113.843616 
41.800000 112.550876 
41.900000 111.275568 
42.000000 110.017468 
42.100000 108.776350 
42.200000 107.551995 
42.300000 106.344181 
42.400000 105.152691 
42.500000 103.977309 
42.600000 102.817821 
42.700000 101.674016 
42.800000 100.545682 
42.900000 99.432614 
43.000000 98.334604 
43.100000 97.251450 
43.200000 96.182949 
43.300000 95.128902 
43.400000 94.089112 
43.500000 93.063383 
43.600000 92.051523 
43.700000 91.053341 
43.800000 90.068647 
43.900000 89.097255 
44.000000 88.138980 
44.100000 87.193640 
44.200000 86.261055 
44.300000 85.341046 
44.400000 84.433438 
44.500000 83.538056 
44.600000 82.654729 
44.700000 81.783286 
44.800000 80.923561 
44.900000 80.075388 
45.000000 79.238603 
45.100000 78.413045 
45.200000 77.598554 
45.300000 76.794974 
45.400000 76.002149 
45.500000 75.219926 
45.600000 74.448154 
45.700000 73.686682 
45.800000 72.935365 
45.900000 72.194057 
46.000000 71.462615 
46.100000 70.740896 
46.200000 70.028762 
46.300000 69.326075 
46.400000 68.632699 
46.500000 67.948501 
46.600000 67.273348 
46.700000 66.607110 
46.800000 65.949659 
46.900000 65.300869 
47.000000 64.660614 
47.100000 64.028771 
47.200000 63.405219 
47.300000 62.789839 
47.400000 62.182512 
47.500000 61.583123 
47.600000 60.991557 
47.700000 60.407701 
47.800000 59.831443 
47.900000 59.262675 
48.000000 58.701287 
48.100000 58.147174 
48.200000 57.600231 
48.300000 57.060353 
48.400000 56.527440 
48.500000 56.001390 
48.600000 55.482105 
48.700000 54.969487 
48.800000 54.463441 
48.900000 53.963871 
49.000000 53.470684 
49.100000 52.983789 
49.200000 52.503095 
49.300000 52.028512 
49.400000 51.559954 
49.500000 51.097333 
49.600000 50.640564 
49.700000 50.189564 
49.800000 49.744249 
49.900000 49.304538 
50.000000 48.870351 
50.100000 48.441609 
50.200000 48.018234 
50.300000 47.600150 
50.400000 47.187280 
50.500000 46.779551 
50.600000 46.376889 
50.700000 45.979223 
50.800000 45.586480 
50.900000 45.198591 
51.000000 44.815488 
51.100000 44.437102 
51.200000 44.063366 
51.300000 43.694214 
51.400000 43.329583 
51.500000 42.969407 
51.600000 42.613624 
51.700000 42.262172 
51.800000 41.914990 
51.900000 41.572018 
52.000000 41.233197 
52.100000 40.898469 
52.200000 40.567775 
52.300000 40.241060 
52.400000 39.918268 
52.500000 39.599344 
52.600000 39.284235 
52.700000 38.972886 
52.800000 38.665246 
52.900000 38.361263 
53.000000 38.060886 
53.100000 37.764066 
53.200000 37.470753 
53.300000 37.180898 
53.400000 36.894454 
53.500000 36.611374 
53.600000 36.331612 
53.700000 36.055121 
53.800000 35.781857 
53.900000 35.511776 
54.000000 35.244833 
54.100000 34.980987 
54.200000 34.720194 
54.300000 34.462414 
54.400000 34.207605 
54.500000 33.955726 
54.600000 33.706739 
54.700000 33.460603 
54.800000 33.217280 
54.900000 32.976733 
55.000000 32.738923 
55.100000 32.503814 
55.200000 32.271369 
55.300000 32.041554 
55.400000 31.814331 
55.500000 31.589667 
55.600000 31.367528 
55.700000 31.147879 
55.800000 30.930688 
55.900000 30.715922 
56.000000 30.503549 
56.100000 30.293536 
56.200000 30.085853 
56.300000 29.880469 
56.400000 29.677354 
56.500000 29.476477 
56.600000 29.277810 
56.700000 29.081322 
56.800000 28.886987 
56.900000 28.694775 
57.000000 28.504658 
57.100000 28.316610 
57.200000 28.130604 
57.300000 27.946612 
57.400000 27.764610 
57.500000 27.584570 
57.600000 27.406468 
57.700000 27.230279 
57.800000 27.055977 
57.900000 26.883540 
58.000000 26.712942 
58.100000 26.544161 
58.200000 26.377172 
58.300000 26.211953 
58.400000 26.048483 
58.500000 25.886737 
58.600000 25.726695 
58.700000 25.568334 
58.800000 25.411634 
58.900000 25.256574 
59.000000 25.103132 
59.100000 24.951289 
59.200000 24.801024 
59.300000 24.652318 
59.400000 24.505151 
59.500000 24.359503 
59.600000 24.215357 
59.700000 24.072692 
59.800000 23.931492 
59.900000 23.791737 
60.000000 23.653410 
60.100000 23.516493 
60.200000 23.380968 
60.300000 23.246819 
60.400000 23.114029 
60.500000 22.982580 
60.600000 22.852458 
60.700000 22.723644 
60.800000 22.596124 
60.900000 22.469881 
61.000000 22.344901 
61.100000 22.221167 
61.200000 22.098665 
61.300000 21.977379 
61.400000 21.857296 
61.500000 21.738401 
61.600000 21.620679 
61.700000 21.504116 
61.800000 21.388698 
61.900000 21.274413 
62.000000 21.161245 
62.100000 21.049183 
62.200000 20.938212 
62.300000 20.828320 
62.400000 20.719495 
62.500000 20.611722 
62.600000 20.504991 
62.700000 20.399289 
62.800000 20.294604 
62.900000 20.190923 
63.000000 20.088236 
63.100000 19.986530 
63.200000 19.885794 
63.300000 19.786017 
63.400000 19.687187 
63.500000 19.589294 
63.600000 19.492327 
63.700000 19.396276 
63.800000 19.301129 
63.900000 19.206876 
64.000000 19.113507 
64.100000 19.021012 
64.200000 18.929380 
64.300000 18.838603 
64.400000 18.748670 
64.500000 18.659572 
64.600000 18.571299 
64.700000 18.483842 
64.800000 18.397191 
64.900000 18.311339 
65.000000 18.226274 
65.100000 18.141990 
65.200000 18.058476 
65.300000 17.975725 
65.400000 17.893728 
65.500000 17.812476 
65.600000 17.731961 
65.700000 17.652176 
65.800000 17.573111 
65.900000 17.494759 
66.000000 17.417113 
66.100000 17.340163 
66.200000 17.263904 
66.300000 17.188326 
66.400000 17.113423 
66.500000 17.039187 
66.600000 16.965611 
66.700000 16.892688 
66.800000 16.820411 
66.900000 16.748773 
67.000000 16.677766 
67.100000 16.607384 
67.200000 16.537620 
67.300000 16.468468 
67.400000 16.399921 
67.500000 16.331973 
67.600000 16.264616 
67.700000 16.197846 
67.800000 16.131654 
67.900000 16.066037 
68.000000 16.000986 
68.100000 15.936497 
68.200000 15.872564 
68.300000 15.809179 
68.400000 15.746339 
68.500000 15.684036 
68.600000 15.622266 
68.700000 15.561023 
68.800000 15.500301 
68.900000 15.440095 
69.000000 15.380399 
69.100000 15.321208 
69.200000 15.262518 
69.300000 15.204322 
69.400000 15.146616 
69.500000 15.089394 
69.600000 15.032652 
69.700000 14.976385 
69.800000 14.920587 
69.900000 14.865255 
70.000000 14.810383 
70.100000 14.755966 
70.200000 14.702000 
70.300000 14.648481 
70.400000 14.595404 
70.500000 14.542763 
70.600000 14.490556 
70.700000 14.438778 
70.800000 14.387424 
70.900000 14.336489 
71.000000 14.285971 
71.100000 14.235864 
71.200000 14.186165 
71.300000 14.136870 
71.400000 14.087974 
71.500000 14.039473 
71.600000 13.991364 
71.700000 13.943643 
71.800000 13.896306 
71.900000 13.849349 
72.000000 13.802768 
72.100000 13.756560 
72.200000 13.710721 
72.300000 13.665247 
72.400000 13.620136 
72.500000 13.575383 
72.600000 13.530984 
72.700000 13.486937 
72.800000 13.443239 
72.900000 13.399884 
73.000000 13.356872 
73.100000 13.314197 
73.200000 13.271857 
73.300000 13.229849 
73.400000 13.188169 
73.500000 13.146815 
73.600000 13.105782 
73.700000 13.065069 
73.800000 13.024672 
73.900000 12.984588 
74.000000 12.944815 
74.100000 12.905348 
74.200000 12.866186 
74.300000 12.827325 
74.400000 12.788763 
74.500000 12.750497 
74.600000 12.712524 
74.700000 12.674841 
74.800000 12.637445 
74.900000 12.600335 
75.000000 12.563507 
75.100000 12.526959 
75.200000 12.490687 
75.300000 12.454691 
75.400000 12.418966 
75.500000 12.383510 
75.600000 12.348322 
75.700000 12.313398 
75.800000 12.278737 
75.900000 12.244335 
76.000000 12.210191 
76.100000 12.176301 
76.200000 12.142665 
76.300000 12.109278 
76.400000 12.076140 
76.500000 12.043248 
76.600000 12.010600 
76.700000 11.978193 
76.800000 11.946025 
76.900000 11.914095 
77.000000 11.882399 
77.100000 11.850937 
77.200000 11.819705 
77.300000 11.788703 
77.400000 11.757927 
77.500000 11.727376 
77.600000 11.697047 
77.700000 11.666940 
77.800000 11.637051 
77.900000 11.607379 
78.000000 11.577923 
78.100000 11.548679 
78.200000 11.519647 
78.300000 11.490824 
78.400000 11.462209 
78.500000 11.433799 
78.600000 11.405594 
78.700000 11.377590 
78.800000 11.349787 
78.900000 11.322183 
79.000000 11.294776 
79.100000 11.267564 
79.200000 11.240546 
79.300000 11.213720 
79.400000 11.187084 
79.500000 11.160637 
79.600000 11.134377 
79.700000 11.108302 
79.800000 11.082411 
79.900000 11.056703 
80.000000 11.031175 
80.100000 11.005827 
80.200000 10.980656 
80.300000 10.955661 
80.400000 10.930841 
80.500000 10.906195 
80.600000 10.881720 
80.700000 10.857416 
80.800000 10.833281 
80.900000 10.809313 
81.000000 10.785511 
81.100000 10.761874 
81.200000 10.738400 
81.300000 10.715089 
81.400000 10.691938 
81.500000 10.668946 
81.600000 10.646112 
81.700000 10.623435 
81.800000 10.600914 
81.900000 10.578547 
82.000000 10.556332 
82.100000 10.534269 
82.200000 10.512357 
82.300000 10.490594 
82.400000 10.468978 
82.500000 10.447510 
82.600000 10.426187 
82.700000 10.405008 
82.800000 10.383972 
82.900000 10.363079 
83.000000 10.342326 
83.100000 10.321713 
83.200000 10.301239 
83.300000 10.280902 
83.400000 10.260702 
83.500000 10.240637 
83.600000 10.220706 
83.700000 10.200909 
83.800000 10.181243 
83.900000 10.161709 
84.000000 10.142304 
84.100000 10.123029 
84.200000 10.103881 
84.300000 10.084861 
84.400000 10.065966 
84.500000 10.047196 
84.600000 10.028550 
84.700000 10.010027 
84.800000 9.991627 
84.900000 9.973347 
85.000000 9.955187 
85.100000 9.937147 
85.200000 9.919225 
85.300000 9.901420 
85.400000 9.883731 
85.500000 9.866159 
85.600000 9.848700 
85.700000 9.831356 
85.800000 9.814124 
85.900000 9.797004 
86.000000 9.779996 
86.100000 9.763097 
86.200000 9.746308 
86.300000 9.729628 
86.400000 9.713055 
86.500000 9.696590 
86.600000 9.680230 
86.700000 9.663976 
86.800000 9.647826 
86.900000 9.631780 
87.000000 9.615837 
87.100000 9.599996 
87.200000 9.584256 
87.300000 9.568617 
87.400000 9.553078 
87.500000 9.537638 
87.600000 9.522296 
87.700000 9.507052 
87.800000 9.491905 
87.900000 9.476854 
88.000000 9.461898 
88.100000 9.447037 
88.200000 9.432270 
88.300000 9.417597 
88.400000 9.403016 
88.500000 9.388527 
88.600000 9.374129 
88.700000 9.359822 
88.800000 9.345605 
88.900000 9.331477 
89.000000 9.317437 
89.100000 9.303486 
89.200000 9.289621 
89.300000 9.275844 
89.400000 9.262152 
89.500000 9.248546 
89.600000 9.235025 
89.700000 9.221588 
89.800000 9.208234 
89.900000 9.194964 
90.000000 9.181775 
90.100000 9.168669 
90.200000 9.155643 
90.300000 9.142698 
90.400000 9.129833 
90.500000 9.117048 
90.600000 9.104341 
90.700000 9.091712 
90.800000 9.079162 
90.900000 9.066688 
91.000000 9.054291 
91.100000 9.041970 
91.200000 9.029725 
91.300000 9.017554 
91.400000 9.005458 
91.500000 8.993436 
91.600000 8.981487 
91.700000 8.969611 
91.800000 8.957808 
91.900000 8.946076 
92.000000 8.934415 
92.100000 8.922826 
92.200000 8.911306 
92.300000 8.899857 
92.400000 8.888477 
92.500000 8.877165 
92.600000 8.865923 
92.700000 8.854748 
92.800000 8.843640 
92.900000 8.832599 
93.000000 8.821625 
93.100000 8.810717 
93.200000 8.799874 
93.300000 8.789097 
93.400000 8.778384 
93.500000 8.767735 
93.600000 8.757150 
93.700000 8.746629 
93.800000 8.736170 
93.900000 8.725774 
94.000000 8.715440 
94.100000 8.705167 
94.200000 8.694956 
94.300000 8.684805 
94.400000 8.674715 
94.500000 8.664684 
94.600000 8.654713 
94.700000 8.644802 
94.800000 8.634949 
94.900000 8.625154 
95.000000 8.615417 
95.100000 8.605738 
95.200000 8.596115 
95.300000 8.586550 
95.400000 8.577041 
95.500000 8.567588 
95.600000 8.558190 
95.700000 8.548848 
95.800000 8.539561 
95.900000 8.530328 
96.000000 8.521149 
96.100000 8.512024 
96.200000 8.502953 
96.300000 8.493934 
96.400000 8.484968 
96.500000 8.476055 
96.600000 8.467193 
96.700000 8.458383 
96.800000 8.449625 
96.900000 8.440917 
97.000000 8.432260 
97.100000 8.423654 
97.200000 8.415097 
97.300000 8.406590 
97.400000 8.398132 
97.500000 8.389723 
97.600000 8.381363 
97.700000 8.373051 
97.800000 8.364788 
97.900000 8.356572 
98.000000 8.348403 
98.100000 8.340281 
98.200000 8.332207 
98.300000 8.324178 
98.400000 8.316196 
98.500000 8.308260 
98.600000 8.300369 
98.700000 8.292524 
98.800000 8.284723 
98.900000 8.276967 
99.000000 8.269256 
99.100000 8.261589 
99.200000 8.253965 
99.300000 8.246385 
99.400000 8.238849 
99.500000 8.231355 
99.600000 8.223904 
99.700000 8.216496 
99.800000 8.209129 
99.900000 8.201805 
